-0.987	-0.12
-0.987	-0.119
-0.987	-0.118
-0.987	-0.117
-0.987	-0.116
-0.987	-0.115
-0.987	-0.114
-0.987	-0.113
-0.987	-0.112
-0.987	-0.111
-0.987	-0.11
-0.987	-0.109
-0.987	-0.108
-0.987	-0.107
-0.987	-0.106
-0.987	-0.105
-0.987	-0.104
-0.987	-0.103
-0.987	-0.102
-0.987	-0.101
-0.987	-0.1
-0.987	-0.099
-0.987	-0.098
-0.987	-0.097
-0.987	-0.096
-0.987	-0.095
-0.987	-0.094
-0.987	-0.093
-0.987	-0.092
-0.987	-0.091
-0.987	-0.09
-0.987	-0.089
-0.987	-0.088
-0.987	-0.087
-0.987	-0.086
-0.987	-0.085
-0.987	-0.084
-0.987	-0.083
-0.987	-0.082
-0.987	-0.081
-0.987	-0.08
-0.987	-0.079
-0.987	-0.078
-0.987	-0.077
-0.987	-0.076
-0.987	-0.075
-0.987	-0.074
-0.987	-0.073
-0.987	-0.072
-0.987	-0.071
-0.987	-0.07
-0.987	-0.069
-0.987	-0.068
-0.987	-0.067
-0.987	-0.066
-0.987	-0.065
-0.987	-0.064
-0.987	-0.063
-0.987	-0.062
-0.987	-0.061
-0.987	-0.06
-0.987	-0.059
-0.987	-0.058
-0.987	-0.057
-0.987	-0.056
-0.987	-0.055
-0.987	-0.054
-0.987	-0.053
-0.987	-0.052
-0.987	-0.051
-0.987	-0.05
-0.987	-0.049
-0.987	-0.048
-0.987	-0.047
-0.987	-0.046
-0.987	-0.045
-0.987	-0.044
-0.987	-0.043
-0.987	-0.042
-0.987	-0.041
-0.987	-0.04
-0.987	-0.039
-0.987	-0.038
-0.987	-0.037
-0.987	-0.036
-0.987	-0.035
-0.987	-0.034
-0.987	-0.033
-0.987	-0.032
-0.987	-0.031
-0.987	-0.03
-0.987	-0.029
-0.987	-0.028
-0.987	-0.027
-0.987	-0.026
-0.987	-0.025
-0.987	-0.024
-0.987	-0.023
-0.987	-0.022
-0.987	-0.021
-0.987	-0.02
-0.987	-0.019
-0.987	-0.018
-0.987	-0.017
-0.987	-0.016
-0.987	-0.015
-0.987	-0.014
-0.987	-0.013
-0.987	-0.012
-0.987	-0.011
-0.987	-0.01
-0.987	-0.009
-0.987	-0.008
-0.987	-0.007
-0.987	-0.006
-0.987	-0.005
-0.987	-0.004
-0.987	-0.003
-0.987	-0.002
-0.987	-0.001
-0.987	0.0
-0.987	0.001
-0.987	0.002
-0.987	0.003
-0.987	0.004
-0.987	0.005
-0.987	0.006
-0.987	0.007
-0.987	0.008
-0.987	0.009
-0.987	0.01
-0.987	0.011
-0.987	0.012
-0.987	0.013
-0.987	0.014
-0.987	0.015
-0.987	0.016
-0.987	0.017
-0.987	0.018
-0.987	0.019
-0.987	0.02
-0.987	0.021
-0.987	0.022
-0.987	0.023
-0.987	0.024
-0.987	0.025
-0.987	0.026
-0.987	0.027
-0.987	0.028
-0.987	0.029
-0.987	0.03
-0.987	0.031
-0.987	0.032
-0.987	0.033
-0.987	0.034
-0.987	0.035
-0.987	0.036
-0.987	0.037
-0.987	0.038
-0.987	0.039
-0.987	0.04
-0.987	0.041
-0.987	0.042
-0.987	0.043
-0.987	0.044
-0.987	0.045
-0.987	0.046
-0.987	0.047
-0.987	0.048
-0.987	0.049
-0.987	0.05
-0.987	0.051
-0.987	0.052
-0.987	0.053
-0.987	0.054
-0.987	0.055
-0.987	0.056
-0.987	0.057
-0.987	0.058
-0.987	0.059
-0.987	0.06
-0.987	0.061
-0.987	0.062
-0.987	0.063
-0.987	0.064
-0.987	0.065
-0.987	0.066
-0.987	0.067
-0.987	0.068
-0.987	0.069
-0.987	0.07
-0.987	0.071
-0.987	0.072
-0.987	0.073
-0.987	0.074
-0.987	0.075
-0.987	0.076
-0.987	0.077
-0.987	0.078
-0.987	0.079
-0.987	0.08
-0.987	0.081
-0.987	0.082
-0.987	0.083
-0.987	0.084
-0.987	0.085
-0.987	0.086
-0.987	0.087
-0.987	0.088
-0.987	0.089
-0.987	0.09
-0.987	0.091
-0.987	0.092
-0.987	0.093
-0.987	0.094
-0.987	0.095
-0.987	0.096
-0.987	0.097
-0.987	0.098
-0.987	0.099
-0.987	0.1
-0.987	0.101
-0.987	0.102
-0.987	0.103
-0.987	0.104
-0.987	0.105
-0.987	0.106
-0.987	0.107
-0.987	0.108
-0.987	0.109
-0.987	0.11
-0.987	0.111
-0.987	0.112
-0.987	0.113
-0.987	0.114
-0.987	0.115
-0.987	0.116
-0.987	0.117
-0.987	0.118
-0.987	0.119
-0.987	0.12
-0.986	-0.124
-0.986	-0.123
-0.986	-0.122
-0.986	-0.121
-0.986	0.121
-0.986	0.122
-0.986	0.123
-0.986	0.124
-0.985	-0.128
-0.985	-0.127
-0.985	-0.126
-0.985	-0.125
-0.985	0.125
-0.985	0.126
-0.985	0.127
-0.985	0.128
-0.984	-0.132
-0.984	-0.131
-0.984	-0.13
-0.984	-0.129
-0.984	0.129
-0.984	0.13
-0.984	0.131
-0.984	0.132
-0.983	-0.136
-0.983	-0.135
-0.983	-0.134
-0.983	-0.133
-0.983	0.133
-0.983	0.134
-0.983	0.135
-0.983	0.136
-0.982	-0.14
-0.982	-0.139
-0.982	-0.138
-0.982	-0.137
-0.982	0.137
-0.982	0.138
-0.982	0.139
-0.982	0.14
-0.981	-0.144
-0.981	-0.143
-0.981	-0.142
-0.981	-0.141
-0.981	0.141
-0.981	0.142
-0.981	0.143
-0.981	0.144
-0.98	-0.148
-0.98	-0.147
-0.98	-0.146
-0.98	-0.145
-0.98	0.145
-0.98	0.146
-0.98	0.147
-0.98	0.148
-0.979	-0.152
-0.979	-0.151
-0.979	-0.15
-0.979	-0.149
-0.979	0.149
-0.979	0.15
-0.979	0.151
-0.979	0.152
-0.978	-0.156
-0.978	-0.155
-0.978	-0.154
-0.978	-0.153
-0.978	0.153
-0.978	0.154
-0.978	0.155
-0.978	0.156
-0.977	-0.16
-0.977	-0.159
-0.977	-0.158
-0.977	-0.157
-0.977	0.157
-0.977	0.158
-0.977	0.159
-0.977	0.16
-0.976	-0.164
-0.976	-0.163
-0.976	-0.162
-0.976	-0.161
-0.976	0.161
-0.976	0.162
-0.976	0.163
-0.976	0.164
-0.975	-0.168
-0.975	-0.167
-0.975	-0.166
-0.975	-0.165
-0.975	0.165
-0.975	0.166
-0.975	0.167
-0.975	0.168
-0.974	-0.172
-0.974	-0.171
-0.974	-0.17
-0.974	-0.169
-0.974	0.169
-0.974	0.17
-0.974	0.171
-0.974	0.172
-0.973	-0.176
-0.973	-0.175
-0.973	-0.174
-0.973	-0.173
-0.973	0.173
-0.973	0.174
-0.973	0.175
-0.973	0.176
-0.972	-0.18
-0.972	-0.179
-0.972	-0.178
-0.972	-0.177
-0.972	0.177
-0.972	0.178
-0.972	0.179
-0.972	0.18
-0.971	-0.184
-0.971	-0.183
-0.971	-0.182
-0.971	-0.181
-0.971	0.181
-0.971	0.182
-0.971	0.183
-0.971	0.184
-0.97	-0.188
-0.97	-0.187
-0.97	-0.186
-0.97	-0.185
-0.97	0.185
-0.97	0.186
-0.97	0.187
-0.97	0.188
-0.969	-0.192
-0.969	-0.191
-0.969	-0.19
-0.969	-0.189
-0.969	0.189
-0.969	0.19
-0.969	0.191
-0.969	0.192
-0.968	-0.196
-0.968	-0.195
-0.968	-0.194
-0.968	-0.193
-0.968	0.193
-0.968	0.194
-0.968	0.195
-0.968	0.196
-0.967	-0.2
-0.967	-0.199
-0.967	-0.198
-0.967	-0.197
-0.967	0.197
-0.967	0.198
-0.967	0.199
-0.967	0.2
-0.966	-0.204
-0.966	-0.203
-0.966	-0.202
-0.966	-0.201
-0.966	0.201
-0.966	0.202
-0.966	0.203
-0.966	0.204
-0.965	-0.208
-0.965	-0.207
-0.965	-0.206
-0.965	-0.205
-0.965	0.205
-0.965	0.206
-0.965	0.207
-0.965	0.208
-0.964	-0.212
-0.964	-0.211
-0.964	-0.21
-0.964	-0.209
-0.964	0.209
-0.964	0.21
-0.964	0.211
-0.964	0.212
-0.963	-0.216
-0.963	-0.215
-0.963	-0.214
-0.963	-0.213
-0.963	0.213
-0.963	0.214
-0.963	0.215
-0.963	0.216
-0.962	-0.22
-0.962	-0.219
-0.962	-0.218
-0.962	-0.217
-0.962	0.217
-0.962	0.218
-0.962	0.219
-0.962	0.22
-0.961	-0.224
-0.961	-0.223
-0.961	-0.222
-0.961	-0.221
-0.961	0.221
-0.961	0.222
-0.961	0.223
-0.961	0.224
-0.96	-0.228
-0.96	-0.227
-0.96	-0.226
-0.96	-0.225
-0.96	0.225
-0.96	0.226
-0.96	0.227
-0.96	0.228
-0.959	-0.232
-0.959	-0.231
-0.959	-0.23
-0.959	-0.229
-0.959	0.229
-0.959	0.23
-0.959	0.231
-0.959	0.232
-0.958	-0.236
-0.958	-0.235
-0.958	-0.234
-0.958	-0.233
-0.958	0.233
-0.958	0.234
-0.958	0.235
-0.958	0.236
-0.957	-0.24
-0.957	-0.239
-0.957	-0.238
-0.957	-0.237
-0.957	0.237
-0.957	0.238
-0.957	0.239
-0.957	0.24
-0.956	-0.244
-0.956	-0.243
-0.956	-0.242
-0.956	-0.241
-0.956	0.241
-0.956	0.242
-0.956	0.243
-0.956	0.244
-0.955	-0.248
-0.955	-0.247
-0.955	-0.246
-0.955	-0.245
-0.955	0.245
-0.955	0.246
-0.955	0.247
-0.955	0.248
-0.954	-0.252
-0.954	-0.251
-0.954	-0.25
-0.954	-0.249
-0.954	0.249
-0.954	0.25
-0.954	0.251
-0.954	0.252
-0.953	-0.256
-0.953	-0.255
-0.953	-0.254
-0.953	-0.253
-0.953	0.253
-0.953	0.254
-0.953	0.255
-0.953	0.256
-0.952	-0.26
-0.952	-0.259
-0.952	-0.258
-0.952	-0.257
-0.952	0.257
-0.952	0.258
-0.952	0.259
-0.952	0.26
-0.951	-0.264
-0.951	-0.263
-0.951	-0.262
-0.951	-0.261
-0.951	0.261
-0.951	0.262
-0.951	0.263
-0.951	0.264
-0.95	-0.268
-0.95	-0.267
-0.95	-0.266
-0.95	-0.265
-0.95	0.265
-0.95	0.266
-0.95	0.267
-0.95	0.268
-0.949	-0.272
-0.949	-0.271
-0.949	-0.27
-0.949	-0.269
-0.949	0.269
-0.949	0.27
-0.949	0.271
-0.949	0.272
-0.948	-0.276
-0.948	-0.275
-0.948	-0.274
-0.948	-0.273
-0.948	0.273
-0.948	0.274
-0.948	0.275
-0.948	0.276
-0.947	-0.28
-0.947	-0.279
-0.947	-0.278
-0.947	-0.277
-0.947	0.277
-0.947	0.278
-0.947	0.279
-0.947	0.28
-0.946	-0.284
-0.946	-0.283
-0.946	-0.282
-0.946	-0.281
-0.946	0.281
-0.946	0.282
-0.946	0.283
-0.946	0.284
-0.945	-0.288
-0.945	-0.287
-0.945	-0.286
-0.945	-0.285
-0.945	0.285
-0.945	0.286
-0.945	0.287
-0.945	0.288
-0.944	-0.292
-0.944	-0.291
-0.944	-0.29
-0.944	-0.289
-0.944	0.289
-0.944	0.29
-0.944	0.291
-0.944	0.292
-0.943	-0.296
-0.943	-0.295
-0.943	-0.294
-0.943	-0.293
-0.943	0.293
-0.943	0.294
-0.943	0.295
-0.943	0.296
-0.942	-0.3
-0.942	-0.299
-0.942	-0.298
-0.942	-0.297
-0.942	0.297
-0.942	0.298
-0.942	0.299
-0.942	0.3
-0.941	-0.304
-0.941	-0.303
-0.941	-0.302
-0.941	-0.301
-0.941	0.301
-0.941	0.302
-0.941	0.303
-0.941	0.304
-0.94	-0.308
-0.94	-0.307
-0.94	-0.306
-0.94	-0.305
-0.94	0.305
-0.94	0.306
-0.94	0.307
-0.94	0.308
-0.939	-0.312
-0.939	-0.311
-0.939	-0.31
-0.939	-0.309
-0.939	0.309
-0.939	0.31
-0.939	0.311
-0.939	0.312
-0.938	-0.316
-0.938	-0.315
-0.938	-0.314
-0.938	-0.313
-0.938	0.313
-0.938	0.314
-0.938	0.315
-0.938	0.316
-0.937	-0.32
-0.937	-0.319
-0.937	-0.318
-0.937	-0.317
-0.937	0.317
-0.937	0.318
-0.937	0.319
-0.937	0.32
-0.936	-0.324
-0.936	-0.323
-0.936	-0.322
-0.936	-0.321
-0.936	0.321
-0.936	0.322
-0.936	0.323
-0.936	0.324
-0.935	-0.328
-0.935	-0.327
-0.935	-0.326
-0.935	-0.325
-0.935	0.325
-0.935	0.326
-0.935	0.327
-0.935	0.328
-0.934	-0.332
-0.934	-0.331
-0.934	-0.33
-0.934	-0.329
-0.934	0.329
-0.934	0.33
-0.934	0.331
-0.934	0.332
-0.933	-0.336
-0.933	-0.335
-0.933	-0.334
-0.933	-0.333
-0.933	0.333
-0.933	0.334
-0.933	0.335
-0.933	0.336
-0.932	-0.34
-0.932	-0.339
-0.932	-0.338
-0.932	-0.337
-0.932	0.337
-0.932	0.338
-0.932	0.339
-0.932	0.34
-0.931	-0.344
-0.931	-0.343
-0.931	-0.342
-0.931	-0.341
-0.931	0.341
-0.931	0.342
-0.931	0.343
-0.931	0.344
-0.93	-0.348
-0.93	-0.347
-0.93	-0.346
-0.93	-0.345
-0.93	0.345
-0.93	0.346
-0.93	0.347
-0.93	0.348
-0.929	-0.352
-0.929	-0.351
-0.929	-0.35
-0.929	-0.349
-0.929	0.349
-0.929	0.35
-0.929	0.351
-0.929	0.352
-0.928	-0.354
-0.928	-0.353
-0.928	0.353
-0.928	0.354
-0.927	-0.356
-0.927	-0.355
-0.927	0.355
-0.927	0.356
-0.926	-0.358
-0.926	-0.357
-0.926	0.357
-0.926	0.358
-0.925	-0.36
-0.925	-0.359
-0.925	0.359
-0.925	0.36
-0.924	-0.362
-0.924	-0.361
-0.924	0.361
-0.924	0.362
-0.923	-0.364
-0.923	-0.363
-0.923	0.363
-0.923	0.364
-0.922	-0.366
-0.922	-0.365
-0.922	0.365
-0.922	0.366
-0.921	-0.368
-0.921	-0.367
-0.921	0.367
-0.921	0.368
-0.92	-0.37
-0.92	-0.369
-0.92	0.369
-0.92	0.37
-0.919	-0.372
-0.919	-0.371
-0.919	0.371
-0.919	0.372
-0.918	-0.374
-0.918	-0.373
-0.918	0.373
-0.918	0.374
-0.917	-0.376
-0.917	-0.375
-0.917	0.375
-0.917	0.376
-0.916	-0.378
-0.916	-0.377
-0.916	0.377
-0.916	0.378
-0.915	-0.38
-0.915	-0.379
-0.915	0.379
-0.915	0.38
-0.914	-0.382
-0.914	-0.381
-0.914	0.381
-0.914	0.382
-0.913	-0.384
-0.913	-0.383
-0.913	0.383
-0.913	0.384
-0.912	-0.386
-0.912	-0.385
-0.912	0.385
-0.912	0.386
-0.911	-0.388
-0.911	-0.387
-0.911	0.387
-0.911	0.388
-0.91	-0.39
-0.91	-0.389
-0.91	0.389
-0.91	0.39
-0.909	-0.392
-0.909	-0.391
-0.909	0.391
-0.909	0.392
-0.908	-0.394
-0.908	-0.393
-0.908	0.393
-0.908	0.394
-0.907	-0.396
-0.907	-0.395
-0.907	0.395
-0.907	0.396
-0.906	-0.398
-0.906	-0.397
-0.906	0.397
-0.906	0.398
-0.905	-0.4
-0.905	-0.399
-0.905	0.399
-0.905	0.4
-0.904	-0.402
-0.904	-0.401
-0.904	0.401
-0.904	0.402
-0.903	-0.404
-0.903	-0.403
-0.903	0.403
-0.903	0.404
-0.902	-0.406
-0.902	-0.405
-0.902	0.405
-0.902	0.406
-0.901	-0.408
-0.901	-0.407
-0.901	0.407
-0.901	0.408
-0.9	-0.41
-0.9	-0.409
-0.9	0.409
-0.9	0.41
-0.899	-0.412
-0.899	-0.411
-0.899	0.411
-0.899	0.412
-0.898	-0.414
-0.898	-0.413
-0.898	0.413
-0.898	0.414
-0.897	-0.416
-0.897	-0.415
-0.897	0.415
-0.897	0.416
-0.896	-0.418
-0.896	-0.417
-0.896	0.417
-0.896	0.418
-0.895	-0.42
-0.895	-0.419
-0.895	0.419
-0.895	0.42
-0.894	-0.422
-0.894	-0.421
-0.894	0.421
-0.894	0.422
-0.893	-0.424
-0.893	-0.423
-0.893	0.423
-0.893	0.424
-0.892	-0.426
-0.892	-0.425
-0.892	0.425
-0.892	0.426
-0.891	-0.428
-0.891	-0.427
-0.891	0.427
-0.891	0.428
-0.89	-0.43
-0.89	-0.429
-0.89	0.429
-0.89	0.43
-0.889	-0.432
-0.889	-0.431
-0.889	0.431
-0.889	0.432
-0.888	-0.434
-0.888	-0.433
-0.888	0.433
-0.888	0.434
-0.887	-0.436
-0.887	-0.435
-0.887	0.435
-0.887	0.436
-0.886	-0.438
-0.886	-0.437
-0.886	0.437
-0.886	0.438
-0.885	-0.44
-0.885	-0.439
-0.885	0.439
-0.885	0.44
-0.884	-0.442
-0.884	-0.441
-0.884	0.441
-0.884	0.442
-0.883	-0.444
-0.883	-0.443
-0.883	0.443
-0.883	0.444
-0.882	-0.446
-0.882	-0.445
-0.882	0.445
-0.882	0.446
-0.881	-0.448
-0.881	-0.447
-0.881	0.447
-0.881	0.448
-0.88	-0.45
-0.88	-0.449
-0.88	0.449
-0.88	0.45
-0.879	-0.452
-0.879	-0.451
-0.879	0.451
-0.879	0.452
-0.878	-0.454
-0.878	-0.453
-0.878	0.453
-0.878	0.454
-0.877	-0.456
-0.877	-0.455
-0.877	0.455
-0.877	0.456
-0.876	-0.458
-0.876	-0.457
-0.876	0.457
-0.876	0.458
-0.875	-0.46
-0.875	-0.459
-0.875	0.459
-0.875	0.46
-0.874	-0.462
-0.874	-0.461
-0.874	0.461
-0.874	0.462
-0.873	-0.464
-0.873	-0.463
-0.873	0.463
-0.873	0.464
-0.872	-0.466
-0.872	-0.465
-0.872	0.465
-0.872	0.466
-0.871	-0.468
-0.871	-0.467
-0.871	0.467
-0.871	0.468
-0.87	-0.47
-0.87	-0.469
-0.87	0.469
-0.87	0.47
-0.869	-0.472
-0.869	-0.471
-0.869	0.471
-0.869	0.472
-0.868	-0.474
-0.868	-0.473
-0.868	0.473
-0.868	0.474
-0.867	-0.476
-0.867	-0.475
-0.867	0.475
-0.867	0.476
-0.866	-0.478
-0.866	-0.477
-0.866	0.477
-0.866	0.478
-0.865	-0.48
-0.865	-0.479
-0.865	0.479
-0.865	0.48
-0.864	-0.482
-0.864	-0.481
-0.864	0.481
-0.864	0.482
-0.863	-0.484
-0.863	-0.483
-0.863	0.483
-0.863	0.484
-0.862	-0.486
-0.862	-0.485
-0.862	0.485
-0.862	0.486
-0.861	-0.488
-0.861	-0.487
-0.861	0.487
-0.861	0.488
-0.86	-0.49
-0.86	-0.489
-0.86	0.489
-0.86	0.49
-0.859	-0.492
-0.859	-0.491
-0.859	0.491
-0.859	0.492
-0.858	-0.494
-0.858	-0.493
-0.858	0.493
-0.858	0.494
-0.857	-0.496
-0.857	-0.495
-0.857	0.495
-0.857	0.496
-0.856	-0.498
-0.856	-0.497
-0.856	0.497
-0.856	0.498
-0.855	-0.5
-0.855	-0.499
-0.855	0.499
-0.855	0.5
-0.854	-0.502
-0.854	-0.501
-0.854	0.501
-0.854	0.502
-0.853	-0.504
-0.853	-0.503
-0.853	0.503
-0.853	0.504
-0.852	-0.506
-0.852	-0.505
-0.852	0.505
-0.852	0.506
-0.851	-0.508
-0.851	-0.507
-0.851	0.507
-0.851	0.508
-0.85	-0.51
-0.85	-0.509
-0.85	0.509
-0.85	0.51
-0.849	-0.512
-0.849	-0.511
-0.849	0.511
-0.849	0.512
-0.848	-0.514
-0.848	-0.513
-0.848	0.513
-0.848	0.514
-0.847	-0.516
-0.847	-0.515
-0.847	0.515
-0.847	0.516
-0.846	-0.518
-0.846	-0.517
-0.846	0.517
-0.846	0.518
-0.845	-0.52
-0.845	-0.519
-0.845	0.519
-0.845	0.52
-0.844	-0.522
-0.844	-0.521
-0.844	0.521
-0.844	0.522
-0.843	-0.524
-0.843	-0.523
-0.843	0.523
-0.843	0.524
-0.842	-0.526
-0.842	-0.525
-0.842	0.525
-0.842	0.526
-0.841	-0.528
-0.841	-0.527
-0.841	0.527
-0.841	0.528
-0.84	-0.53
-0.84	-0.529
-0.84	0.529
-0.84	0.53
-0.839	-0.532
-0.839	-0.531
-0.839	0.531
-0.839	0.532
-0.838	-0.534
-0.838	-0.533
-0.838	0.533
-0.838	0.534
-0.837	-0.536
-0.837	-0.535
-0.837	0.535
-0.837	0.536
-0.836	-0.538
-0.836	-0.537
-0.836	0.537
-0.836	0.538
-0.835	-0.54
-0.835	-0.539
-0.835	0.539
-0.835	0.54
-0.834	-0.542
-0.834	-0.541
-0.834	0.541
-0.834	0.542
-0.833	-0.544
-0.833	-0.543
-0.833	0.543
-0.833	0.544
-0.832	-0.546
-0.832	-0.545
-0.832	0.545
-0.832	0.546
-0.831	-0.548
-0.831	-0.547
-0.831	0.547
-0.831	0.548
-0.83	-0.55
-0.83	-0.549
-0.83	0.549
-0.83	0.55
-0.829	-0.552
-0.829	-0.551
-0.829	0.551
-0.829	0.552
-0.828	-0.554
-0.828	-0.553
-0.828	0.553
-0.828	0.554
-0.827	-0.556
-0.827	-0.555
-0.827	0.555
-0.827	0.556
-0.826	-0.558
-0.826	-0.557
-0.826	0.557
-0.826	0.558
-0.825	-0.56
-0.825	-0.559
-0.825	0.559
-0.825	0.56
-0.824	-0.562
-0.824	-0.561
-0.824	0.561
-0.824	0.562
-0.823	-0.564
-0.823	-0.563
-0.823	0.563
-0.823	0.564
-0.822	-0.565
-0.822	-0.564
-0.822	0.564
-0.822	0.565
-0.821	-0.567
-0.821	-0.566
-0.821	0.566
-0.821	0.567
-0.82	-0.568
-0.82	-0.567
-0.82	0.567
-0.82	0.568
-0.819	-0.57
-0.819	-0.569
-0.819	0.569
-0.819	0.57
-0.818	-0.571
-0.818	-0.57
-0.818	0.57
-0.818	0.571
-0.817	-0.573
-0.817	-0.572
-0.817	0.572
-0.817	0.573
-0.816	-0.574
-0.816	-0.573
-0.816	0.573
-0.816	0.574
-0.815	-0.576
-0.815	-0.575
-0.815	0.575
-0.815	0.576
-0.814	-0.577
-0.814	-0.576
-0.814	0.576
-0.814	0.577
-0.813	-0.579
-0.813	-0.578
-0.813	0.578
-0.813	0.579
-0.812	-0.58
-0.812	-0.579
-0.812	0.579
-0.812	0.58
-0.811	-0.582
-0.811	-0.581
-0.811	0.581
-0.811	0.582
-0.81	-0.583
-0.81	-0.582
-0.81	0.582
-0.81	0.583
-0.809	-0.585
-0.809	-0.584
-0.809	0.584
-0.809	0.585
-0.808	-0.586
-0.808	-0.585
-0.808	0.585
-0.808	0.586
-0.807	-0.588
-0.807	-0.587
-0.807	0.587
-0.807	0.588
-0.806	-0.589
-0.806	-0.588
-0.806	0.588
-0.806	0.589
-0.805	-0.59
-0.805	-0.589
-0.805	0.589
-0.805	0.59
-0.804	-0.591
-0.804	-0.59
-0.804	0.59
-0.804	0.591
-0.803	-0.592
-0.803	-0.591
-0.803	0.591
-0.803	0.592
-0.802	-0.593
-0.802	-0.592
-0.802	0.592
-0.802	0.593
-0.801	-0.594
-0.801	-0.593
-0.801	0.593
-0.801	0.594
-0.8	-0.595
-0.8	-0.594
-0.8	0.594
-0.8	0.595
-0.799	-0.596
-0.799	-0.595
-0.799	0.595
-0.799	0.596
-0.798	-0.597
-0.798	-0.596
-0.798	0.596
-0.798	0.597
-0.797	-0.598
-0.797	-0.597
-0.797	0.597
-0.797	0.598
-0.796	-0.599
-0.796	-0.598
-0.796	0.598
-0.796	0.599
-0.795	-0.6
-0.795	-0.599
-0.795	0.599
-0.795	0.6
-0.794	-0.601
-0.794	-0.6
-0.794	0.6
-0.794	0.601
-0.793	-0.602
-0.793	-0.601
-0.793	0.601
-0.793	0.602
-0.792	-0.603
-0.792	-0.602
-0.792	0.602
-0.792	0.603
-0.791	-0.604
-0.791	-0.603
-0.791	0.603
-0.791	0.604
-0.79	-0.605
-0.79	-0.604
-0.79	0.604
-0.79	0.605
-0.789	-0.606
-0.789	-0.605
-0.789	0.605
-0.789	0.606
-0.788	-0.607
-0.788	-0.606
-0.788	0.606
-0.788	0.607
-0.787	-0.608
-0.787	-0.607
-0.787	0.607
-0.787	0.608
-0.786	-0.609
-0.786	-0.608
-0.786	0.608
-0.786	0.609
-0.785	-0.61
-0.785	-0.609
-0.785	0.609
-0.785	0.61
-0.784	-0.611
-0.784	-0.61
-0.784	0.61
-0.784	0.611
-0.783	-0.612
-0.783	-0.611
-0.783	0.611
-0.783	0.612
-0.782	-0.613
-0.782	-0.612
-0.782	0.612
-0.782	0.613
-0.781	-0.614
-0.781	-0.613
-0.781	0.613
-0.781	0.614
-0.78	-0.615
-0.78	-0.614
-0.78	0.614
-0.78	0.615
-0.779	-0.616
-0.779	-0.615
-0.779	0.615
-0.779	0.616
-0.778	-0.617
-0.778	-0.616
-0.778	0.616
-0.778	0.617
-0.777	-0.618
-0.777	-0.617
-0.777	0.617
-0.777	0.618
-0.776	-0.619
-0.776	-0.618
-0.776	0.618
-0.776	0.619
-0.775	-0.62
-0.775	-0.619
-0.775	0.619
-0.775	0.62
-0.774	-0.621
-0.774	-0.62
-0.774	0.62
-0.774	0.621
-0.773	-0.622
-0.773	-0.621
-0.773	0.621
-0.773	0.622
-0.772	-0.623
-0.772	-0.622
-0.772	0.622
-0.772	0.623
-0.771	-0.624
-0.771	-0.623
-0.771	0.623
-0.771	0.624
-0.77	-0.625
-0.77	-0.624
-0.77	0.624
-0.77	0.625
-0.769	-0.626
-0.769	-0.625
-0.769	0.625
-0.769	0.626
-0.768	-0.627
-0.768	-0.626
-0.768	0.626
-0.768	0.627
-0.767	-0.628
-0.767	-0.627
-0.767	0.627
-0.767	0.628
-0.766	-0.629
-0.766	-0.628
-0.766	0.628
-0.766	0.629
-0.765	-0.63
-0.765	-0.629
-0.765	0.629
-0.765	0.63
-0.764	-0.631
-0.764	-0.63
-0.764	0.63
-0.764	0.631
-0.763	-0.632
-0.763	-0.631
-0.763	0.631
-0.763	0.632
-0.762	-0.633
-0.762	-0.632
-0.762	0.632
-0.762	0.633
-0.761	-0.634
-0.761	-0.633
-0.761	0.633
-0.761	0.634
-0.76	-0.635
-0.76	-0.634
-0.76	0.634
-0.76	0.635
-0.759	-0.636
-0.759	-0.635
-0.759	0.635
-0.759	0.636
-0.758	-0.637
-0.758	-0.636
-0.758	0.636
-0.758	0.637
-0.757	-0.638
-0.757	-0.637
-0.757	0.637
-0.757	0.638
-0.756	-0.639
-0.756	-0.638
-0.756	0.638
-0.756	0.639
-0.755	-0.64
-0.755	-0.639
-0.755	0.639
-0.755	0.64
-0.754	-0.641
-0.754	-0.64
-0.754	0.64
-0.754	0.641
-0.753	-0.642
-0.753	-0.641
-0.753	0.641
-0.753	0.642
-0.752	-0.643
-0.752	-0.642
-0.752	0.642
-0.752	0.643
-0.751	-0.644
-0.751	-0.643
-0.751	0.643
-0.751	0.644
-0.75	-0.645
-0.75	-0.644
-0.75	0.644
-0.75	0.645
-0.749	-0.646
-0.749	-0.645
-0.749	0.645
-0.749	0.646
-0.748	-0.647
-0.748	-0.646
-0.748	0.646
-0.748	0.647
-0.747	-0.648
-0.747	-0.647
-0.747	0.647
-0.747	0.648
-0.746	-0.649
-0.746	-0.648
-0.746	0.648
-0.746	0.649
-0.745	-0.65
-0.745	-0.649
-0.745	0.649
-0.745	0.65
-0.744	-0.651
-0.744	-0.65
-0.744	0.65
-0.744	0.651
-0.743	-0.652
-0.743	-0.651
-0.743	0.651
-0.743	0.652
-0.742	-0.653
-0.742	-0.652
-0.742	0.652
-0.742	0.653
-0.741	-0.654
-0.741	-0.653
-0.741	0.653
-0.741	0.654
-0.74	-0.655
-0.74	-0.654
-0.74	0.654
-0.74	0.655
-0.739	-0.656
-0.739	-0.655
-0.739	0.655
-0.739	0.656
-0.738	-0.657
-0.738	-0.656
-0.738	0.656
-0.738	0.657
-0.737	-0.658
-0.737	-0.657
-0.737	0.657
-0.737	0.658
-0.736	-0.659
-0.736	-0.658
-0.736	0.658
-0.736	0.659
-0.735	-0.66
-0.735	-0.659
-0.735	0.659
-0.735	0.66
-0.734	-0.661
-0.734	-0.66
-0.734	0.66
-0.734	0.661
-0.733	-0.662
-0.733	-0.661
-0.733	0.661
-0.733	0.662
-0.732	-0.663
-0.732	-0.662
-0.732	0.662
-0.732	0.663
-0.731	-0.664
-0.731	-0.663
-0.731	0.663
-0.731	0.664
-0.73	-0.665
-0.73	-0.664
-0.73	0.664
-0.73	0.665
-0.729	-0.666
-0.729	-0.665
-0.729	0.665
-0.729	0.666
-0.728	-0.667
-0.728	-0.666
-0.728	0.666
-0.728	0.667
-0.727	-0.668
-0.727	-0.667
-0.727	0.667
-0.727	0.668
-0.726	-0.669
-0.726	-0.668
-0.726	0.668
-0.726	0.669
-0.725	-0.67
-0.725	-0.669
-0.725	0.669
-0.725	0.67
-0.724	-0.671
-0.724	-0.67
-0.724	0.67
-0.724	0.671
-0.723	-0.672
-0.723	-0.671
-0.723	0.671
-0.723	0.672
-0.722	-0.673
-0.722	-0.672
-0.722	0.672
-0.722	0.673
-0.721	-0.674
-0.721	-0.673
-0.721	0.673
-0.721	0.674
-0.72	-0.675
-0.72	-0.674
-0.72	0.674
-0.72	0.675
-0.719	-0.676
-0.719	-0.675
-0.719	0.675
-0.719	0.676
-0.718	-0.677
-0.718	-0.676
-0.718	0.676
-0.718	0.677
-0.717	-0.678
-0.717	-0.677
-0.717	0.677
-0.717	0.678
-0.716	-0.679
-0.716	-0.678
-0.716	0.678
-0.716	0.679
-0.715	-0.68
-0.715	-0.679
-0.715	0.679
-0.715	0.68
-0.714	-0.681
-0.714	-0.68
-0.714	0.68
-0.714	0.681
-0.713	-0.682
-0.713	-0.681
-0.713	0.681
-0.713	0.682
-0.712	-0.683
-0.712	-0.682
-0.712	0.682
-0.712	0.683
-0.711	-0.684
-0.711	-0.683
-0.711	0.683
-0.711	0.684
-0.71	-0.685
-0.71	-0.684
-0.71	0.684
-0.71	0.685
-0.709	-0.686
-0.709	-0.685
-0.709	0.685
-0.709	0.686
-0.708	-0.687
-0.708	-0.686
-0.708	0.686
-0.708	0.687
-0.707	-0.688
-0.707	-0.687
-0.707	0.687
-0.707	0.688
-0.706	-0.689
-0.706	-0.688
-0.706	0.688
-0.706	0.689
-0.705	-0.69
-0.705	-0.689
-0.705	0.689
-0.705	0.69
-0.704	-0.691
-0.704	-0.69
-0.704	0.69
-0.704	0.691
-0.703	-0.692
-0.703	-0.691
-0.703	0.691
-0.703	0.692
-0.702	-0.693
-0.702	-0.692
-0.702	0.692
-0.702	0.693
-0.701	-0.694
-0.701	-0.693
-0.701	0.693
-0.701	0.694
-0.7	-0.695
-0.7	-0.694
-0.7	0.694
-0.7	0.695
-0.699	-0.696
-0.699	-0.695
-0.699	0.695
-0.699	0.696
-0.698	-0.697
-0.698	-0.696
-0.698	0.696
-0.698	0.697
-0.697	-0.698
-0.697	-0.697
-0.697	0.697
-0.697	0.698
-0.696	-0.699
-0.696	-0.698
-0.696	0.698
-0.696	0.699
-0.695	-0.7
-0.695	-0.699
-0.695	0.699
-0.695	0.7
-0.694	-0.701
-0.694	-0.7
-0.694	0.7
-0.694	0.701
-0.693	-0.702
-0.693	-0.701
-0.693	0.701
-0.693	0.702
-0.692	-0.703
-0.692	-0.702
-0.692	0.702
-0.692	0.703
-0.691	-0.704
-0.691	-0.703
-0.691	0.703
-0.691	0.704
-0.69	-0.705
-0.69	-0.704
-0.69	0.704
-0.69	0.705
-0.689	-0.706
-0.689	-0.705
-0.689	0.705
-0.689	0.706
-0.688	-0.707
-0.688	-0.706
-0.688	0.706
-0.688	0.707
-0.687	-0.708
-0.687	-0.707
-0.687	0.707
-0.687	0.708
-0.686	-0.709
-0.686	-0.708
-0.686	0.708
-0.686	0.709
-0.685	-0.71
-0.685	-0.709
-0.685	0.709
-0.685	0.71
-0.684	-0.711
-0.684	-0.71
-0.684	0.71
-0.684	0.711
-0.683	-0.712
-0.683	-0.711
-0.683	0.711
-0.683	0.712
-0.682	-0.713
-0.682	-0.712
-0.682	0.712
-0.682	0.713
-0.681	-0.714
-0.681	-0.713
-0.681	0.713
-0.681	0.714
-0.68	-0.715
-0.68	-0.714
-0.68	0.714
-0.68	0.715
-0.679	-0.716
-0.679	-0.715
-0.679	0.715
-0.679	0.716
-0.678	-0.717
-0.678	-0.716
-0.678	0.716
-0.678	0.717
-0.677	-0.718
-0.677	-0.717
-0.677	0.717
-0.677	0.718
-0.676	-0.719
-0.676	-0.718
-0.676	0.718
-0.676	0.719
-0.675	-0.72
-0.675	-0.719
-0.675	0.719
-0.675	0.72
-0.674	-0.721
-0.674	-0.72
-0.674	0.72
-0.674	0.721
-0.673	-0.722
-0.673	-0.721
-0.673	0.721
-0.673	0.722
-0.672	-0.723
-0.672	-0.722
-0.672	0.722
-0.672	0.723
-0.671	-0.724
-0.671	-0.723
-0.671	0.723
-0.671	0.724
-0.67	-0.725
-0.67	-0.724
-0.67	0.724
-0.67	0.725
-0.669	-0.726
-0.669	-0.725
-0.669	0.725
-0.669	0.726
-0.668	-0.727
-0.668	-0.726
-0.668	0.726
-0.668	0.727
-0.667	-0.728
-0.667	-0.727
-0.667	0.727
-0.667	0.728
-0.666	-0.729
-0.666	-0.728
-0.666	0.728
-0.666	0.729
-0.665	-0.73
-0.665	-0.729
-0.665	0.729
-0.665	0.73
-0.664	-0.731
-0.664	-0.73
-0.664	0.73
-0.664	0.731
-0.663	-0.732
-0.663	-0.731
-0.663	0.731
-0.663	0.732
-0.662	-0.733
-0.662	-0.732
-0.662	0.732
-0.662	0.733
-0.661	-0.734
-0.661	-0.733
-0.661	0.733
-0.661	0.734
-0.66	-0.735
-0.66	-0.734
-0.66	0.734
-0.66	0.735
-0.659	-0.736
-0.659	-0.735
-0.659	0.735
-0.659	0.736
-0.658	-0.737
-0.658	-0.736
-0.658	0.736
-0.658	0.737
-0.657	-0.738
-0.657	-0.737
-0.657	0.737
-0.657	0.738
-0.656	-0.739
-0.656	-0.738
-0.656	0.738
-0.656	0.739
-0.655	-0.74
-0.655	-0.739
-0.655	0.739
-0.655	0.74
-0.654	-0.741
-0.654	-0.74
-0.654	0.74
-0.654	0.741
-0.653	-0.742
-0.653	-0.741
-0.653	0.741
-0.653	0.742
-0.652	-0.743
-0.652	-0.742
-0.652	0.742
-0.652	0.743
-0.651	-0.744
-0.651	-0.743
-0.651	0.743
-0.651	0.744
-0.65	-0.745
-0.65	-0.744
-0.65	0.744
-0.65	0.745
-0.649	-0.746
-0.649	-0.745
-0.649	0.745
-0.649	0.746
-0.648	-0.747
-0.648	-0.746
-0.648	0.746
-0.648	0.747
-0.647	-0.748
-0.647	-0.747
-0.647	0.747
-0.647	0.748
-0.646	-0.749
-0.646	-0.748
-0.646	0.748
-0.646	0.749
-0.645	-0.75
-0.645	-0.749
-0.645	0.749
-0.645	0.75
-0.644	-0.751
-0.644	-0.75
-0.644	0.75
-0.644	0.751
-0.643	-0.752
-0.643	-0.751
-0.643	0.751
-0.643	0.752
-0.642	-0.753
-0.642	-0.752
-0.642	0.752
-0.642	0.753
-0.641	-0.754
-0.641	-0.753
-0.641	0.753
-0.641	0.754
-0.64	-0.755
-0.64	-0.754
-0.64	0.754
-0.64	0.755
-0.639	-0.756
-0.639	-0.755
-0.639	0.755
-0.639	0.756
-0.638	-0.757
-0.638	-0.756
-0.638	0.756
-0.638	0.757
-0.637	-0.758
-0.637	-0.757
-0.637	0.757
-0.637	0.758
-0.636	-0.759
-0.636	-0.758
-0.636	0.758
-0.636	0.759
-0.635	-0.76
-0.635	-0.759
-0.635	0.759
-0.635	0.76
-0.634	-0.761
-0.634	-0.76
-0.634	0.76
-0.634	0.761
-0.633	-0.762
-0.633	-0.761
-0.633	0.761
-0.633	0.762
-0.632	-0.763
-0.632	-0.762
-0.632	0.762
-0.632	0.763
-0.631	-0.764
-0.631	-0.763
-0.631	0.763
-0.631	0.764
-0.63	-0.765
-0.63	-0.764
-0.63	0.764
-0.63	0.765
-0.629	-0.766
-0.629	-0.765
-0.629	0.765
-0.629	0.766
-0.628	-0.767
-0.628	-0.766
-0.628	0.766
-0.628	0.767
-0.627	-0.768
-0.627	-0.767
-0.627	0.767
-0.627	0.768
-0.626	-0.769
-0.626	-0.768
-0.626	0.768
-0.626	0.769
-0.625	-0.77
-0.625	-0.769
-0.625	0.769
-0.625	0.77
-0.624	-0.771
-0.624	-0.77
-0.624	0.77
-0.624	0.771
-0.623	-0.772
-0.623	-0.771
-0.623	0.771
-0.623	0.772
-0.622	-0.773
-0.622	-0.772
-0.622	0.772
-0.622	0.773
-0.621	-0.774
-0.621	-0.773
-0.621	0.773
-0.621	0.774
-0.62	-0.775
-0.62	-0.774
-0.62	0.774
-0.62	0.775
-0.619	-0.776
-0.619	-0.775
-0.619	0.775
-0.619	0.776
-0.618	-0.777
-0.618	-0.776
-0.618	0.776
-0.618	0.777
-0.617	-0.778
-0.617	-0.777
-0.617	0.777
-0.617	0.778
-0.616	-0.779
-0.616	-0.778
-0.616	0.778
-0.616	0.779
-0.615	-0.78
-0.615	-0.779
-0.615	0.779
-0.615	0.78
-0.614	-0.781
-0.614	-0.78
-0.614	0.78
-0.614	0.781
-0.613	-0.782
-0.613	-0.781
-0.613	0.781
-0.613	0.782
-0.612	-0.783
-0.612	-0.782
-0.612	0.782
-0.612	0.783
-0.611	-0.784
-0.611	-0.783
-0.611	0.783
-0.611	0.784
-0.61	-0.785
-0.61	-0.784
-0.61	0.784
-0.61	0.785
-0.609	-0.786
-0.609	-0.785
-0.609	0.785
-0.609	0.786
-0.608	-0.787
-0.608	-0.786
-0.608	0.786
-0.608	0.787
-0.607	-0.788
-0.607	-0.787
-0.607	0.787
-0.607	0.788
-0.606	-0.789
-0.606	-0.788
-0.606	0.788
-0.606	0.789
-0.605	-0.79
-0.605	-0.789
-0.605	0.789
-0.605	0.79
-0.604	-0.791
-0.604	-0.79
-0.604	0.79
-0.604	0.791
-0.603	-0.792
-0.603	-0.791
-0.603	0.791
-0.603	0.792
-0.602	-0.793
-0.602	-0.792
-0.602	0.792
-0.602	0.793
-0.601	-0.794
-0.601	-0.793
-0.601	0.793
-0.601	0.794
-0.6	-0.795
-0.6	-0.794
-0.6	0.794
-0.6	0.795
-0.599	-0.796
-0.599	-0.795
-0.599	0.795
-0.599	0.796
-0.598	-0.797
-0.598	-0.796
-0.598	0.796
-0.598	0.797
-0.597	-0.798
-0.597	-0.797
-0.597	0.797
-0.597	0.798
-0.596	-0.799
-0.596	-0.798
-0.596	0.798
-0.596	0.799
-0.595	-0.8
-0.595	-0.799
-0.595	0.799
-0.595	0.8
-0.594	-0.801
-0.594	-0.8
-0.594	0.8
-0.594	0.801
-0.593	-0.802
-0.593	-0.801
-0.593	0.801
-0.593	0.802
-0.592	-0.803
-0.592	-0.802
-0.592	0.802
-0.592	0.803
-0.591	-0.804
-0.591	-0.803
-0.591	0.803
-0.591	0.804
-0.59	-0.805
-0.59	-0.804
-0.59	0.804
-0.59	0.805
-0.589	-0.806
-0.589	-0.805
-0.589	0.805
-0.589	0.806
-0.588	-0.807
-0.588	-0.806
-0.588	0.806
-0.588	0.807
-0.587	-0.807
-0.587	0.807
-0.586	-0.808
-0.586	0.808
-0.585	-0.809
-0.585	-0.808
-0.585	0.808
-0.585	0.809
-0.584	-0.809
-0.584	0.809
-0.583	-0.81
-0.583	0.81
-0.582	-0.811
-0.582	-0.81
-0.582	0.81
-0.582	0.811
-0.581	-0.811
-0.581	0.811
-0.58	-0.812
-0.58	0.812
-0.579	-0.813
-0.579	-0.812
-0.579	0.812
-0.579	0.813
-0.578	-0.813
-0.578	0.813
-0.577	-0.814
-0.577	0.814
-0.576	-0.815
-0.576	-0.814
-0.576	0.814
-0.576	0.815
-0.575	-0.815
-0.575	0.815
-0.574	-0.816
-0.574	0.816
-0.573	-0.817
-0.573	-0.816
-0.573	0.816
-0.573	0.817
-0.572	-0.817
-0.572	0.817
-0.571	-0.818
-0.571	0.818
-0.57	-0.819
-0.57	-0.818
-0.57	0.818
-0.57	0.819
-0.569	-0.819
-0.569	0.819
-0.568	-0.82
-0.568	0.82
-0.567	-0.821
-0.567	-0.82
-0.567	0.82
-0.567	0.821
-0.566	-0.821
-0.566	0.821
-0.565	-0.822
-0.565	0.822
-0.564	-0.823
-0.564	-0.822
-0.564	0.822
-0.564	0.823
-0.563	-0.823
-0.563	0.823
-0.562	-0.824
-0.562	0.824
-0.561	-0.824
-0.561	0.824
-0.56	-0.825
-0.56	0.825
-0.559	-0.825
-0.559	0.825
-0.558	-0.826
-0.558	0.826
-0.557	-0.826
-0.557	0.826
-0.556	-0.827
-0.556	0.827
-0.555	-0.827
-0.555	0.827
-0.554	-0.828
-0.554	0.828
-0.553	-0.828
-0.553	0.828
-0.552	-0.829
-0.552	0.829
-0.551	-0.829
-0.551	0.829
-0.55	-0.83
-0.55	0.83
-0.549	-0.83
-0.549	0.83
-0.548	-0.831
-0.548	0.831
-0.547	-0.831
-0.547	0.831
-0.546	-0.832
-0.546	0.832
-0.545	-0.832
-0.545	0.832
-0.544	-0.833
-0.544	0.833
-0.543	-0.833
-0.543	0.833
-0.542	-0.834
-0.542	0.834
-0.541	-0.834
-0.541	0.834
-0.54	-0.835
-0.54	0.835
-0.539	-0.835
-0.539	0.835
-0.538	-0.836
-0.538	0.836
-0.537	-0.836
-0.537	0.836
-0.536	-0.837
-0.536	0.837
-0.535	-0.837
-0.535	0.837
-0.534	-0.838
-0.534	0.838
-0.533	-0.838
-0.533	0.838
-0.532	-0.839
-0.532	0.839
-0.531	-0.839
-0.531	0.839
-0.53	-0.84
-0.53	0.84
-0.529	-0.84
-0.529	0.84
-0.528	-0.841
-0.528	0.841
-0.527	-0.841
-0.527	0.841
-0.526	-0.842
-0.526	0.842
-0.525	-0.842
-0.525	0.842
-0.524	-0.843
-0.524	0.843
-0.523	-0.843
-0.523	0.843
-0.522	-0.844
-0.522	0.844
-0.521	-0.844
-0.521	0.844
-0.52	-0.845
-0.52	0.845
-0.519	-0.845
-0.519	0.845
-0.518	-0.846
-0.518	0.846
-0.517	-0.846
-0.517	0.846
-0.516	-0.847
-0.516	0.847
-0.515	-0.847
-0.515	0.847
-0.514	-0.848
-0.514	0.848
-0.513	-0.848
-0.513	0.848
-0.512	-0.849
-0.512	0.849
-0.511	-0.849
-0.511	0.849
-0.51	-0.85
-0.51	0.85
-0.509	-0.85
-0.509	0.85
-0.508	-0.851
-0.508	0.851
-0.507	-0.851
-0.507	0.851
-0.506	-0.852
-0.506	0.852
-0.505	-0.852
-0.505	0.852
-0.504	-0.853
-0.504	0.853
-0.503	-0.853
-0.503	0.853
-0.502	-0.854
-0.502	0.854
-0.501	-0.854
-0.501	0.854
-0.5	-0.855
-0.5	0.855
-0.499	-0.855
-0.499	0.855
-0.498	-0.856
-0.498	0.856
-0.497	-0.856
-0.497	0.856
-0.496	-0.857
-0.496	0.857
-0.495	-0.857
-0.495	0.857
-0.494	-0.858
-0.494	0.858
-0.493	-0.858
-0.493	0.858
-0.492	-0.859
-0.492	0.859
-0.491	-0.859
-0.491	0.859
-0.49	-0.86
-0.49	0.86
-0.489	-0.86
-0.489	0.86
-0.488	-0.861
-0.488	0.861
-0.487	-0.861
-0.487	0.861
-0.486	-0.862
-0.486	0.862
-0.485	-0.862
-0.485	0.862
-0.484	-0.863
-0.484	0.863
-0.483	-0.863
-0.483	0.863
-0.482	-0.864
-0.482	0.864
-0.481	-0.864
-0.481	0.864
-0.48	-0.865
-0.48	0.865
-0.479	-0.865
-0.479	0.865
-0.478	-0.866
-0.478	0.866
-0.477	-0.866
-0.477	0.866
-0.476	-0.867
-0.476	0.867
-0.475	-0.867
-0.475	0.867
-0.474	-0.868
-0.474	0.868
-0.473	-0.868
-0.473	0.868
-0.472	-0.869
-0.472	0.869
-0.471	-0.869
-0.471	0.869
-0.47	-0.87
-0.47	0.87
-0.469	-0.87
-0.469	0.87
-0.468	-0.871
-0.468	0.871
-0.467	-0.871
-0.467	0.871
-0.466	-0.872
-0.466	0.872
-0.465	-0.872
-0.465	0.872
-0.464	-0.873
-0.464	0.873
-0.463	-0.873
-0.463	0.873
-0.462	-0.874
-0.462	0.874
-0.461	-0.874
-0.461	0.874
-0.46	-0.875
-0.46	0.875
-0.459	-0.875
-0.459	0.875
-0.458	-0.876
-0.458	0.876
-0.457	-0.876
-0.457	0.876
-0.456	-0.877
-0.456	0.877
-0.455	-0.877
-0.455	0.877
-0.454	-0.878
-0.454	0.878
-0.453	-0.878
-0.453	0.878
-0.452	-0.879
-0.452	0.879
-0.451	-0.879
-0.451	0.879
-0.45	-0.88
-0.45	0.88
-0.449	-0.88
-0.449	0.88
-0.448	-0.881
-0.448	0.881
-0.447	-0.881
-0.447	0.881
-0.446	-0.882
-0.446	0.882
-0.445	-0.882
-0.445	0.882
-0.444	-0.883
-0.444	0.883
-0.443	-0.883
-0.443	0.883
-0.442	-0.884
-0.442	0.884
-0.441	-0.884
-0.441	0.884
-0.44	-0.885
-0.44	0.885
-0.439	-0.885
-0.439	0.885
-0.438	-0.886
-0.438	0.886
-0.437	-0.886
-0.437	0.886
-0.436	-0.887
-0.436	0.887
-0.435	-0.887
-0.435	0.887
-0.434	-0.888
-0.434	0.888
-0.433	-0.888
-0.433	0.888
-0.432	-0.889
-0.432	0.889
-0.431	-0.889
-0.431	0.889
-0.43	-0.89
-0.43	0.89
-0.429	-0.89
-0.429	0.89
-0.428	-0.891
-0.428	0.891
-0.427	-0.891
-0.427	0.891
-0.426	-0.892
-0.426	0.892
-0.425	-0.892
-0.425	0.892
-0.424	-0.893
-0.424	0.893
-0.423	-0.893
-0.423	0.893
-0.422	-0.894
-0.422	0.894
-0.421	-0.894
-0.421	0.894
-0.42	-0.895
-0.42	0.895
-0.419	-0.895
-0.419	0.895
-0.418	-0.896
-0.418	0.896
-0.417	-0.896
-0.417	0.896
-0.416	-0.897
-0.416	0.897
-0.415	-0.897
-0.415	0.897
-0.414	-0.898
-0.414	0.898
-0.413	-0.898
-0.413	0.898
-0.412	-0.899
-0.412	0.899
-0.411	-0.899
-0.411	0.899
-0.41	-0.9
-0.41	0.9
-0.409	-0.9
-0.409	0.9
-0.408	-0.901
-0.408	0.901
-0.407	-0.901
-0.407	0.901
-0.406	-0.902
-0.406	0.902
-0.405	-0.902
-0.405	0.902
-0.404	-0.903
-0.404	0.903
-0.403	-0.903
-0.403	0.903
-0.402	-0.904
-0.402	0.904
-0.401	-0.904
-0.401	0.904
-0.4	-0.905
-0.4	0.905
-0.399	-0.905
-0.399	0.905
-0.398	-0.906
-0.398	0.906
-0.397	-0.906
-0.397	0.906
-0.396	-0.907
-0.396	0.907
-0.395	-0.907
-0.395	0.907
-0.394	-0.908
-0.394	0.908
-0.393	-0.908
-0.393	0.908
-0.392	-0.909
-0.392	0.909
-0.391	-0.909
-0.391	0.909
-0.39	-0.91
-0.39	0.91
-0.389	-0.91
-0.389	0.91
-0.388	-0.911
-0.388	0.911
-0.387	-0.911
-0.387	0.911
-0.386	-0.912
-0.386	0.912
-0.385	-0.912
-0.385	0.912
-0.384	-0.913
-0.384	0.913
-0.383	-0.913
-0.383	0.913
-0.382	-0.914
-0.382	0.914
-0.381	-0.914
-0.381	0.914
-0.38	-0.915
-0.38	0.915
-0.379	-0.915
-0.379	0.915
-0.378	-0.916
-0.378	0.916
-0.377	-0.916
-0.377	0.916
-0.376	-0.917
-0.376	0.917
-0.375	-0.917
-0.375	0.917
-0.374	-0.918
-0.374	0.918
-0.373	-0.918
-0.373	0.918
-0.372	-0.919
-0.372	0.919
-0.371	-0.919
-0.371	0.919
-0.37	-0.92
-0.37	0.92
-0.369	-0.92
-0.369	0.92
-0.368	-0.921
-0.368	0.921
-0.367	-0.921
-0.367	0.921
-0.366	-0.922
-0.366	0.922
-0.365	-0.922
-0.365	0.922
-0.364	-0.923
-0.364	0.923
-0.363	-0.923
-0.363	0.923
-0.362	-0.924
-0.362	0.924
-0.361	-0.924
-0.361	0.924
-0.36	-0.925
-0.36	0.925
-0.359	-0.925
-0.359	0.925
-0.358	-0.926
-0.358	0.926
-0.357	-0.926
-0.357	0.926
-0.356	-0.927
-0.356	0.927
-0.355	-0.927
-0.355	0.927
-0.354	-0.928
-0.354	0.928
-0.353	-0.928
-0.353	0.928
-0.352	-0.929
-0.352	0.929
-0.351	-0.929
-0.351	0.929
-0.35	-0.929
-0.35	0.929
-0.349	-0.929
-0.349	0.929
-0.348	-0.93
-0.348	0.93
-0.347	-0.93
-0.347	0.93
-0.346	-0.93
-0.346	0.93
-0.345	-0.93
-0.345	0.93
-0.344	-0.931
-0.344	0.931
-0.343	-0.931
-0.343	0.931
-0.342	-0.931
-0.342	0.931
-0.341	-0.931
-0.341	0.931
-0.34	-0.932
-0.34	0.932
-0.339	-0.932
-0.339	0.932
-0.338	-0.932
-0.338	0.932
-0.337	-0.932
-0.337	0.932
-0.336	-0.933
-0.336	0.933
-0.335	-0.933
-0.335	0.933
-0.334	-0.933
-0.334	0.933
-0.333	-0.933
-0.333	0.933
-0.332	-0.934
-0.332	0.934
-0.331	-0.934
-0.331	0.934
-0.33	-0.934
-0.33	0.934
-0.329	-0.934
-0.329	0.934
-0.328	-0.935
-0.328	0.935
-0.327	-0.935
-0.327	0.935
-0.326	-0.935
-0.326	0.935
-0.325	-0.935
-0.325	0.935
-0.324	-0.936
-0.324	0.936
-0.323	-0.936
-0.323	0.936
-0.322	-0.936
-0.322	0.936
-0.321	-0.936
-0.321	0.936
-0.32	-0.937
-0.32	0.937
-0.319	-0.937
-0.319	0.937
-0.318	-0.937
-0.318	0.937
-0.317	-0.937
-0.317	0.937
-0.316	-0.938
-0.316	0.938
-0.315	-0.938
-0.315	0.938
-0.314	-0.938
-0.314	0.938
-0.313	-0.938
-0.313	0.938
-0.312	-0.939
-0.312	0.939
-0.311	-0.939
-0.311	0.939
-0.31	-0.939
-0.31	0.939
-0.309	-0.939
-0.309	0.939
-0.308	-0.94
-0.308	0.94
-0.307	-0.94
-0.307	0.94
-0.306	-0.94
-0.306	0.94
-0.305	-0.94
-0.305	0.94
-0.304	-0.941
-0.304	0.941
-0.303	-0.941
-0.303	0.941
-0.302	-0.941
-0.302	0.941
-0.301	-0.941
-0.301	0.941
-0.3	-0.942
-0.3	0.942
-0.299	-0.942
-0.299	0.942
-0.298	-0.942
-0.298	0.942
-0.297	-0.942
-0.297	0.942
-0.296	-0.943
-0.296	0.943
-0.295	-0.943
-0.295	0.943
-0.294	-0.943
-0.294	0.943
-0.293	-0.943
-0.293	0.943
-0.292	-0.944
-0.292	0.944
-0.291	-0.944
-0.291	0.944
-0.29	-0.944
-0.29	0.944
-0.289	-0.944
-0.289	0.944
-0.288	-0.945
-0.288	0.945
-0.287	-0.945
-0.287	0.945
-0.286	-0.945
-0.286	0.945
-0.285	-0.945
-0.285	0.945
-0.284	-0.946
-0.284	0.946
-0.283	-0.946
-0.283	0.946
-0.282	-0.946
-0.282	0.946
-0.281	-0.946
-0.281	0.946
-0.28	-0.947
-0.28	0.947
-0.279	-0.947
-0.279	0.947
-0.278	-0.947
-0.278	0.947
-0.277	-0.947
-0.277	0.947
-0.276	-0.948
-0.276	0.948
-0.275	-0.948
-0.275	0.948
-0.274	-0.948
-0.274	0.948
-0.273	-0.948
-0.273	0.948
-0.272	-0.949
-0.272	0.949
-0.271	-0.949
-0.271	0.949
-0.27	-0.949
-0.27	0.949
-0.269	-0.949
-0.269	0.949
-0.268	-0.95
-0.268	0.95
-0.267	-0.95
-0.267	0.95
-0.266	-0.95
-0.266	0.95
-0.265	-0.95
-0.265	0.95
-0.264	-0.951
-0.264	0.951
-0.263	-0.951
-0.263	0.951
-0.262	-0.951
-0.262	0.951
-0.261	-0.951
-0.261	0.951
-0.26	-0.952
-0.26	0.952
-0.259	-0.952
-0.259	0.952
-0.258	-0.952
-0.258	0.952
-0.257	-0.952
-0.257	0.952
-0.256	-0.953
-0.256	0.953
-0.255	-0.953
-0.255	0.953
-0.254	-0.953
-0.254	0.953
-0.253	-0.953
-0.253	0.953
-0.252	-0.954
-0.252	0.954
-0.251	-0.954
-0.251	0.954
-0.25	-0.954
-0.25	0.954
-0.249	-0.954
-0.249	0.954
-0.248	-0.955
-0.248	0.955
-0.247	-0.955
-0.247	0.955
-0.246	-0.955
-0.246	0.955
-0.245	-0.955
-0.245	0.955
-0.244	-0.956
-0.244	0.956
-0.243	-0.956
-0.243	0.956
-0.242	-0.956
-0.242	0.956
-0.241	-0.956
-0.241	0.956
-0.24	-0.957
-0.24	0.957
-0.239	-0.957
-0.239	0.957
-0.238	-0.957
-0.238	0.957
-0.237	-0.957
-0.237	0.957
-0.236	-0.958
-0.236	0.958
-0.235	-0.958
-0.235	0.958
-0.234	-0.958
-0.234	0.958
-0.233	-0.958
-0.233	0.958
-0.232	-0.959
-0.232	0.959
-0.231	-0.959
-0.231	0.959
-0.23	-0.959
-0.23	0.959
-0.229	-0.959
-0.229	0.959
-0.228	-0.96
-0.228	0.96
-0.227	-0.96
-0.227	0.96
-0.226	-0.96
-0.226	0.96
-0.225	-0.96
-0.225	0.96
-0.224	-0.961
-0.224	0.961
-0.223	-0.961
-0.223	0.961
-0.222	-0.961
-0.222	0.961
-0.221	-0.961
-0.221	0.961
-0.22	-0.962
-0.22	0.962
-0.219	-0.962
-0.219	0.962
-0.218	-0.962
-0.218	0.962
-0.217	-0.962
-0.217	0.962
-0.216	-0.963
-0.216	0.963
-0.215	-0.963
-0.215	0.963
-0.214	-0.963
-0.214	0.963
-0.213	-0.963
-0.213	0.963
-0.212	-0.964
-0.212	0.964
-0.211	-0.964
-0.211	0.964
-0.21	-0.964
-0.21	0.964
-0.209	-0.964
-0.209	0.964
-0.208	-0.965
-0.208	0.965
-0.207	-0.965
-0.207	0.965
-0.206	-0.965
-0.206	0.965
-0.205	-0.965
-0.205	0.965
-0.204	-0.966
-0.204	0.966
-0.203	-0.966
-0.203	0.966
-0.202	-0.966
-0.202	0.966
-0.201	-0.966
-0.201	0.966
-0.2	-0.967
-0.2	0.967
-0.199	-0.967
-0.199	0.967
-0.198	-0.967
-0.198	0.967
-0.197	-0.967
-0.197	0.967
-0.196	-0.968
-0.196	0.968
-0.195	-0.968
-0.195	0.968
-0.194	-0.968
-0.194	0.968
-0.193	-0.968
-0.193	0.968
-0.192	-0.969
-0.192	0.969
-0.191	-0.969
-0.191	0.969
-0.19	-0.969
-0.19	0.969
-0.189	-0.969
-0.189	0.969
-0.188	-0.97
-0.188	0.97
-0.187	-0.97
-0.187	0.97
-0.186	-0.97
-0.186	0.97
-0.185	-0.97
-0.185	0.97
-0.184	-0.971
-0.184	0.971
-0.183	-0.971
-0.183	0.971
-0.182	-0.971
-0.182	0.971
-0.181	-0.971
-0.181	0.971
-0.18	-0.972
-0.18	0.972
-0.179	-0.972
-0.179	0.972
-0.178	-0.972
-0.178	0.972
-0.177	-0.972
-0.177	0.972
-0.176	-0.973
-0.176	0.973
-0.175	-0.973
-0.175	0.973
-0.174	-0.973
-0.174	0.973
-0.173	-0.973
-0.173	0.973
-0.172	-0.974
-0.172	0.974
-0.171	-0.974
-0.171	0.974
-0.17	-0.974
-0.17	0.974
-0.169	-0.974
-0.169	0.974
-0.168	-0.975
-0.168	0.975
-0.167	-0.975
-0.167	0.975
-0.166	-0.975
-0.166	0.975
-0.165	-0.975
-0.165	0.975
-0.164	-0.976
-0.164	0.976
-0.163	-0.976
-0.163	0.976
-0.162	-0.976
-0.162	0.976
-0.161	-0.976
-0.161	0.976
-0.16	-0.977
-0.16	0.977
-0.159	-0.977
-0.159	0.977
-0.158	-0.977
-0.158	0.977
-0.157	-0.977
-0.157	0.977
-0.156	-0.978
-0.156	0.978
-0.155	-0.978
-0.155	0.978
-0.154	-0.978
-0.154	0.978
-0.153	-0.978
-0.153	0.978
-0.152	-0.979
-0.152	0.979
-0.151	-0.979
-0.151	0.979
-0.15	-0.979
-0.15	0.979
-0.149	-0.979
-0.149	0.979
-0.148	-0.98
-0.148	0.98
-0.147	-0.98
-0.147	0.98
-0.146	-0.98
-0.146	0.98
-0.145	-0.98
-0.145	0.98
-0.144	-0.981
-0.144	0.981
-0.143	-0.981
-0.143	0.981
-0.142	-0.981
-0.142	0.981
-0.141	-0.981
-0.141	0.981
-0.14	-0.982
-0.14	0.982
-0.139	-0.982
-0.139	0.982
-0.138	-0.982
-0.138	0.982
-0.137	-0.982
-0.137	0.982
-0.136	-0.983
-0.136	0.983
-0.135	-0.983
-0.135	0.983
-0.134	-0.983
-0.134	0.983
-0.133	-0.983
-0.133	0.983
-0.132	-0.984
-0.132	0.984
-0.131	-0.984
-0.131	0.984
-0.13	-0.984
-0.13	0.984
-0.129	-0.984
-0.129	0.984
-0.128	-0.985
-0.128	0.985
-0.127	-0.985
-0.127	0.985
-0.126	-0.985
-0.126	0.985
-0.125	-0.985
-0.125	0.985
-0.124	-0.986
-0.124	0.986
-0.123	-0.986
-0.123	0.986
-0.122	-0.986
-0.122	0.986
-0.121	-0.986
-0.121	0.986
-0.12	-0.987
-0.12	0.987
-0.119	-0.987
-0.119	0.987
-0.118	-0.987
-0.118	0.987
-0.117	-0.987
-0.117	0.987
-0.116	-0.987
-0.116	0.987
-0.115	-0.987
-0.115	0.987
-0.114	-0.987
-0.114	0.987
-0.113	-0.987
-0.113	0.987
-0.112	-0.987
-0.112	0.987
-0.111	-0.987
-0.111	0.987
-0.11	-0.987
-0.11	0.987
-0.109	-0.987
-0.109	0.987
-0.108	-0.987
-0.108	0.987
-0.107	-0.987
-0.107	0.987
-0.106	-0.987
-0.106	0.987
-0.105	-0.987
-0.105	0.987
-0.104	-0.987
-0.104	0.987
-0.103	-0.987
-0.103	0.987
-0.102	-0.987
-0.102	0.987
-0.101	-0.987
-0.101	0.987
-0.1	-0.987
-0.1	0.987
-0.099	-0.987
-0.099	0.987
-0.098	-0.987
-0.098	0.987
-0.097	-0.987
-0.097	0.987
-0.096	-0.987
-0.096	0.987
-0.095	-0.987
-0.095	0.987
-0.094	-0.987
-0.094	0.987
-0.093	-0.987
-0.093	0.987
-0.092	-0.987
-0.092	0.987
-0.091	-0.987
-0.091	0.987
-0.09	-0.987
-0.09	0.987
-0.089	-0.987
-0.089	0.987
-0.088	-0.987
-0.088	0.987
-0.087	-0.987
-0.087	0.987
-0.086	-0.987
-0.086	0.987
-0.085	-0.987
-0.085	0.987
-0.084	-0.987
-0.084	0.987
-0.083	-0.987
-0.083	0.987
-0.082	-0.987
-0.082	0.987
-0.081	-0.987
-0.081	0.987
-0.08	-0.987
-0.08	0.987
-0.079	-0.987
-0.079	0.987
-0.078	-0.987
-0.078	0.987
-0.077	-0.987
-0.077	0.987
-0.076	-0.987
-0.076	0.987
-0.075	-0.987
-0.075	0.987
-0.074	-0.987
-0.074	0.987
-0.073	-0.987
-0.073	0.987
-0.072	-0.987
-0.072	0.987
-0.071	-0.987
-0.071	0.987
-0.07	-0.987
-0.07	0.987
-0.069	-0.987
-0.069	0.987
-0.068	-0.987
-0.068	0.987
-0.067	-0.987
-0.067	0.987
-0.066	-0.987
-0.066	0.987
-0.065	-0.987
-0.065	0.987
-0.064	-0.987
-0.064	0.987
-0.063	-0.987
-0.063	0.987
-0.062	-0.987
-0.062	0.987
-0.061	-0.987
-0.061	0.987
-0.06	-0.987
-0.06	0.987
-0.059	-0.987
-0.059	0.987
-0.058	-0.987
-0.058	0.987
-0.057	-0.987
-0.057	0.987
-0.056	-0.987
-0.056	0.987
-0.055	-0.987
-0.055	0.987
-0.054	-0.987
-0.054	0.987
-0.053	-0.987
-0.053	0.987
-0.052	-0.987
-0.052	0.987
-0.051	-0.987
-0.051	0.987
-0.05	-0.987
-0.05	0.987
-0.049	-0.987
-0.049	0.987
-0.048	-0.987
-0.048	0.987
-0.047	-0.987
-0.047	0.987
-0.046	-0.987
-0.046	0.987
-0.045	-0.987
-0.045	0.987
-0.044	-0.987
-0.044	0.987
-0.043	-0.987
-0.043	0.987
-0.042	-0.987
-0.042	0.987
-0.041	-0.987
-0.041	0.987
-0.04	-0.987
-0.04	0.987
-0.039	-0.987
-0.039	0.987
-0.038	-0.987
-0.038	0.987
-0.037	-0.987
-0.037	0.987
-0.036	-0.987
-0.036	0.987
-0.035	-0.987
-0.035	0.987
-0.034	-0.987
-0.034	0.987
-0.033	-0.987
-0.033	0.987
-0.032	-0.987
-0.032	0.987
-0.031	-0.987
-0.031	0.987
-0.03	-0.987
-0.03	0.987
-0.029	-0.987
-0.029	0.987
-0.028	-0.987
-0.028	0.987
-0.027	-0.987
-0.027	0.987
-0.026	-0.987
-0.026	0.987
-0.025	-0.987
-0.025	0.987
-0.024	-0.987
-0.024	0.987
-0.023	-0.987
-0.023	0.987
-0.022	-0.987
-0.022	0.987
-0.021	-0.987
-0.021	0.987
-0.02	-0.987
-0.02	0.987
-0.019	-0.987
-0.019	0.987
-0.018	-0.987
-0.018	0.987
-0.017	-0.987
-0.017	0.987
-0.016	-0.987
-0.016	0.987
-0.015	-0.987
-0.015	0.987
-0.014	-0.987
-0.014	0.987
-0.013	-0.987
-0.013	0.987
-0.012	-0.987
-0.012	0.987
-0.011	-0.987
-0.011	0.987
-0.01	-0.987
-0.01	0.987
-0.009	-0.987
-0.009	0.987
-0.008	-0.987
-0.008	0.987
-0.007	-0.987
-0.007	0.987
-0.006	-0.987
-0.006	0.987
-0.005	-0.987
-0.005	0.987
-0.004	-0.987
-0.004	0.987
-0.003	-0.987
-0.003	0.987
-0.002	-0.987
-0.002	0.987
-0.001	-0.987
-0.001	0.987
0.0	-0.987
0.0	0.987
0.001	-0.987
0.001	0.987
0.002	-0.987
0.002	0.987
0.003	-0.987
0.003	0.987
0.004	-0.987
0.004	0.987
0.005	-0.987
0.005	0.987
0.006	-0.987
0.006	0.987
0.007	-0.987
0.007	0.987
0.008	-0.987
0.008	0.987
0.009	-0.987
0.009	0.987
0.01	-0.987
0.01	0.987
0.011	-0.987
0.011	0.987
0.012	-0.987
0.012	0.987
0.013	-0.987
0.013	0.987
0.014	-0.987
0.014	0.987
0.015	-0.987
0.015	0.987
0.016	-0.987
0.016	0.987
0.017	-0.987
0.017	0.987
0.018	-0.987
0.018	0.987
0.019	-0.987
0.019	0.987
0.02	-0.987
0.02	0.987
0.021	-0.987
0.021	0.987
0.022	-0.987
0.022	0.987
0.023	-0.987
0.023	0.987
0.024	-0.987
0.024	0.987
0.025	-0.987
0.025	0.987
0.026	-0.987
0.026	0.987
0.027	-0.987
0.027	0.987
0.028	-0.987
0.028	0.987
0.029	-0.987
0.029	0.987
0.03	-0.987
0.03	0.987
0.031	-0.987
0.031	0.987
0.032	-0.987
0.032	0.987
0.033	-0.987
0.033	0.987
0.034	-0.987
0.034	0.987
0.035	-0.987
0.035	0.987
0.036	-0.987
0.036	0.987
0.037	-0.987
0.037	0.987
0.038	-0.987
0.038	0.987
0.039	-0.987
0.039	0.987
0.04	-0.987
0.04	0.987
0.041	-0.987
0.041	0.987
0.042	-0.987
0.042	0.987
0.043	-0.987
0.043	0.987
0.044	-0.987
0.044	0.987
0.045	-0.987
0.045	0.987
0.046	-0.987
0.046	0.987
0.047	-0.987
0.047	0.987
0.048	-0.987
0.048	0.987
0.049	-0.987
0.049	0.987
0.05	-0.987
0.05	0.987
0.051	-0.987
0.051	0.987
0.052	-0.987
0.052	0.987
0.053	-0.987
0.053	0.987
0.054	-0.987
0.054	0.987
0.055	-0.987
0.055	0.987
0.056	-0.987
0.056	0.987
0.057	-0.987
0.057	0.987
0.058	-0.987
0.058	0.987
0.059	-0.987
0.059	0.987
0.06	-0.987
0.06	0.987
0.061	-0.987
0.061	0.987
0.062	-0.987
0.062	0.987
0.063	-0.987
0.063	0.987
0.064	-0.987
0.064	0.987
0.065	-0.987
0.065	0.987
0.066	-0.987
0.066	0.987
0.067	-0.987
0.067	0.987
0.068	-0.987
0.068	0.987
0.069	-0.987
0.069	0.987
0.07	-0.987
0.07	0.987
0.071	-0.987
0.071	0.987
0.072	-0.987
0.072	0.987
0.073	-0.987
0.073	0.987
0.074	-0.987
0.074	0.987
0.075	-0.987
0.075	0.987
0.076	-0.987
0.076	0.987
0.077	-0.987
0.077	0.987
0.078	-0.987
0.078	0.987
0.079	-0.987
0.079	0.987
0.08	-0.987
0.08	0.987
0.081	-0.987
0.081	0.987
0.082	-0.987
0.082	0.987
0.083	-0.987
0.083	0.987
0.084	-0.987
0.084	0.987
0.085	-0.987
0.085	0.987
0.086	-0.987
0.086	0.987
0.087	-0.987
0.087	0.987
0.088	-0.987
0.088	0.987
0.089	-0.987
0.089	0.987
0.09	-0.987
0.09	0.987
0.091	-0.987
0.091	0.987
0.092	-0.987
0.092	0.987
0.093	-0.987
0.093	0.987
0.094	-0.987
0.094	0.987
0.095	-0.987
0.095	0.987
0.096	-0.987
0.096	0.987
0.097	-0.987
0.097	0.987
0.098	-0.987
0.098	0.987
0.099	-0.987
0.099	0.987
0.1	-0.987
0.1	0.987
0.101	-0.987
0.101	0.987
0.102	-0.987
0.102	0.987
0.103	-0.987
0.103	0.987
0.104	-0.987
0.104	0.987
0.105	-0.987
0.105	0.987
0.106	-0.987
0.106	0.987
0.107	-0.987
0.107	0.987
0.108	-0.987
0.108	0.987
0.109	-0.987
0.109	0.987
0.11	-0.987
0.11	0.987
0.111	-0.987
0.111	0.987
0.112	-0.987
0.112	0.987
0.113	-0.987
0.113	0.987
0.114	-0.987
0.114	0.987
0.115	-0.987
0.115	0.987
0.116	-0.987
0.116	0.987
0.117	-0.987
0.117	0.987
0.118	-0.987
0.118	0.987
0.119	-0.987
0.119	0.987
0.12	-0.987
0.12	0.987
0.121	-0.986
0.121	0.986
0.122	-0.986
0.122	0.986
0.123	-0.986
0.123	0.986
0.124	-0.986
0.124	0.986
0.125	-0.985
0.125	0.985
0.126	-0.985
0.126	0.985
0.127	-0.985
0.127	0.985
0.128	-0.985
0.128	0.985
0.129	-0.984
0.129	0.984
0.13	-0.984
0.13	0.984
0.131	-0.984
0.131	0.984
0.132	-0.984
0.132	0.984
0.133	-0.983
0.133	0.983
0.134	-0.983
0.134	0.983
0.135	-0.983
0.135	0.983
0.136	-0.983
0.136	0.983
0.137	-0.982
0.137	0.982
0.138	-0.982
0.138	0.982
0.139	-0.982
0.139	0.982
0.14	-0.982
0.14	0.982
0.141	-0.981
0.141	0.981
0.142	-0.981
0.142	0.981
0.143	-0.981
0.143	0.981
0.144	-0.981
0.144	0.981
0.145	-0.98
0.145	0.98
0.146	-0.98
0.146	0.98
0.147	-0.98
0.147	0.98
0.148	-0.98
0.148	0.98
0.149	-0.979
0.149	0.979
0.15	-0.979
0.15	0.979
0.151	-0.979
0.151	0.979
0.152	-0.979
0.152	0.979
0.153	-0.978
0.153	0.978
0.154	-0.978
0.154	0.978
0.155	-0.978
0.155	0.978
0.156	-0.978
0.156	0.978
0.157	-0.977
0.157	0.977
0.158	-0.977
0.158	0.977
0.159	-0.977
0.159	0.977
0.16	-0.977
0.16	0.977
0.161	-0.976
0.161	0.976
0.162	-0.976
0.162	0.976
0.163	-0.976
0.163	0.976
0.164	-0.976
0.164	0.976
0.165	-0.975
0.165	0.975
0.166	-0.975
0.166	0.975
0.167	-0.975
0.167	0.975
0.168	-0.975
0.168	0.975
0.169	-0.974
0.169	0.974
0.17	-0.974
0.17	0.974
0.171	-0.974
0.171	0.974
0.172	-0.974
0.172	0.974
0.173	-0.973
0.173	0.973
0.174	-0.973
0.174	0.973
0.175	-0.973
0.175	0.973
0.176	-0.973
0.176	0.973
0.177	-0.972
0.177	0.972
0.178	-0.972
0.178	0.972
0.179	-0.972
0.179	0.972
0.18	-0.972
0.18	0.972
0.181	-0.971
0.181	0.971
0.182	-0.971
0.182	0.971
0.183	-0.971
0.183	0.971
0.184	-0.971
0.184	0.971
0.185	-0.97
0.185	0.97
0.186	-0.97
0.186	0.97
0.187	-0.97
0.187	0.97
0.188	-0.97
0.188	0.97
0.189	-0.969
0.189	0.969
0.19	-0.969
0.19	0.969
0.191	-0.969
0.191	0.969
0.192	-0.969
0.192	0.969
0.193	-0.968
0.193	0.968
0.194	-0.968
0.194	0.968
0.195	-0.968
0.195	0.968
0.196	-0.968
0.196	0.968
0.197	-0.967
0.197	0.967
0.198	-0.967
0.198	0.967
0.199	-0.967
0.199	0.967
0.2	-0.967
0.2	0.967
0.201	-0.966
0.201	0.966
0.202	-0.966
0.202	0.966
0.203	-0.966
0.203	0.966
0.204	-0.966
0.204	0.966
0.205	-0.965
0.205	0.965
0.206	-0.965
0.206	0.965
0.207	-0.965
0.207	0.965
0.208	-0.965
0.208	0.965
0.209	-0.964
0.209	0.964
0.21	-0.964
0.21	0.964
0.211	-0.964
0.211	0.964
0.212	-0.964
0.212	0.964
0.213	-0.963
0.213	0.963
0.214	-0.963
0.214	0.963
0.215	-0.963
0.215	0.963
0.216	-0.963
0.216	0.963
0.217	-0.962
0.217	0.962
0.218	-0.962
0.218	0.962
0.219	-0.962
0.219	0.962
0.22	-0.962
0.22	0.962
0.221	-0.961
0.221	0.961
0.222	-0.961
0.222	0.961
0.223	-0.961
0.223	0.961
0.224	-0.961
0.224	0.961
0.225	-0.96
0.225	0.96
0.226	-0.96
0.226	0.96
0.227	-0.96
0.227	0.96
0.228	-0.96
0.228	0.96
0.229	-0.959
0.229	0.959
0.23	-0.959
0.23	0.959
0.231	-0.959
0.231	0.959
0.232	-0.959
0.232	0.959
0.233	-0.958
0.233	0.958
0.234	-0.958
0.234	0.958
0.235	-0.958
0.235	0.958
0.236	-0.958
0.236	0.958
0.237	-0.957
0.237	0.957
0.238	-0.957
0.238	0.957
0.239	-0.957
0.239	0.957
0.24	-0.957
0.24	0.957
0.241	-0.956
0.241	0.956
0.242	-0.956
0.242	0.956
0.243	-0.956
0.243	0.956
0.244	-0.956
0.244	0.956
0.245	-0.955
0.245	0.955
0.246	-0.955
0.246	0.955
0.247	-0.955
0.247	0.955
0.248	-0.955
0.248	0.955
0.249	-0.954
0.249	0.954
0.25	-0.954
0.25	0.954
0.251	-0.954
0.251	0.954
0.252	-0.954
0.252	0.954
0.253	-0.953
0.253	0.953
0.254	-0.953
0.254	0.953
0.255	-0.953
0.255	0.953
0.256	-0.953
0.256	0.953
0.257	-0.952
0.257	0.952
0.258	-0.952
0.258	0.952
0.259	-0.952
0.259	0.952
0.26	-0.952
0.26	0.952
0.261	-0.951
0.261	0.951
0.262	-0.951
0.262	0.951
0.263	-0.951
0.263	0.951
0.264	-0.951
0.264	0.951
0.265	-0.95
0.265	0.95
0.266	-0.95
0.266	0.95
0.267	-0.95
0.267	0.95
0.268	-0.95
0.268	0.95
0.269	-0.949
0.269	0.949
0.27	-0.949
0.27	0.949
0.271	-0.949
0.271	0.949
0.272	-0.949
0.272	0.949
0.273	-0.948
0.273	0.948
0.274	-0.948
0.274	0.948
0.275	-0.948
0.275	0.948
0.276	-0.948
0.276	0.948
0.277	-0.947
0.277	0.947
0.278	-0.947
0.278	0.947
0.279	-0.947
0.279	0.947
0.28	-0.947
0.28	0.947
0.281	-0.946
0.281	0.946
0.282	-0.946
0.282	0.946
0.283	-0.946
0.283	0.946
0.284	-0.946
0.284	0.946
0.285	-0.945
0.285	0.945
0.286	-0.945
0.286	0.945
0.287	-0.945
0.287	0.945
0.288	-0.945
0.288	0.945
0.289	-0.944
0.289	0.944
0.29	-0.944
0.29	0.944
0.291	-0.944
0.291	0.944
0.292	-0.944
0.292	0.944
0.293	-0.943
0.293	0.943
0.294	-0.943
0.294	0.943
0.295	-0.943
0.295	0.943
0.296	-0.943
0.296	0.943
0.297	-0.942
0.297	0.942
0.298	-0.942
0.298	0.942
0.299	-0.942
0.299	0.942
0.3	-0.942
0.3	0.942
0.301	-0.941
0.301	0.941
0.302	-0.941
0.302	0.941
0.303	-0.941
0.303	0.941
0.304	-0.941
0.304	0.941
0.305	-0.94
0.305	0.94
0.306	-0.94
0.306	0.94
0.307	-0.94
0.307	0.94
0.308	-0.94
0.308	0.94
0.309	-0.939
0.309	0.939
0.31	-0.939
0.31	0.939
0.311	-0.939
0.311	0.939
0.312	-0.939
0.312	0.939
0.313	-0.938
0.313	0.938
0.314	-0.938
0.314	0.938
0.315	-0.938
0.315	0.938
0.316	-0.938
0.316	0.938
0.317	-0.937
0.317	0.937
0.318	-0.937
0.318	0.937
0.319	-0.937
0.319	0.937
0.32	-0.937
0.32	0.937
0.321	-0.936
0.321	0.936
0.322	-0.936
0.322	0.936
0.323	-0.936
0.323	0.936
0.324	-0.936
0.324	0.936
0.325	-0.935
0.325	0.935
0.326	-0.935
0.326	0.935
0.327	-0.935
0.327	0.935
0.328	-0.935
0.328	0.935
0.329	-0.934
0.329	0.934
0.33	-0.934
0.33	0.934
0.331	-0.934
0.331	0.934
0.332	-0.934
0.332	0.934
0.333	-0.933
0.333	0.933
0.334	-0.933
0.334	0.933
0.335	-0.933
0.335	0.933
0.336	-0.933
0.336	0.933
0.337	-0.932
0.337	0.932
0.338	-0.932
0.338	0.932
0.339	-0.932
0.339	0.932
0.34	-0.932
0.34	0.932
0.341	-0.931
0.341	0.931
0.342	-0.931
0.342	0.931
0.343	-0.931
0.343	0.931
0.344	-0.931
0.344	0.931
0.345	-0.93
0.345	0.93
0.346	-0.93
0.346	0.93
0.347	-0.93
0.347	0.93
0.348	-0.93
0.348	0.93
0.349	-0.929
0.349	0.929
0.35	-0.929
0.35	0.929
0.351	-0.929
0.351	0.929
0.352	-0.929
0.352	0.929
0.353	-0.928
0.353	0.928
0.354	-0.928
0.354	0.928
0.355	-0.927
0.355	0.927
0.356	-0.927
0.356	0.927
0.357	-0.926
0.357	0.926
0.358	-0.926
0.358	0.926
0.359	-0.925
0.359	0.925
0.36	-0.925
0.36	0.925
0.361	-0.924
0.361	0.924
0.362	-0.924
0.362	0.924
0.363	-0.923
0.363	0.923
0.364	-0.923
0.364	0.923
0.365	-0.922
0.365	0.922
0.366	-0.922
0.366	0.922
0.367	-0.921
0.367	0.921
0.368	-0.921
0.368	0.921
0.369	-0.92
0.369	0.92
0.37	-0.92
0.37	0.92
0.371	-0.919
0.371	0.919
0.372	-0.919
0.372	0.919
0.373	-0.918
0.373	0.918
0.374	-0.918
0.374	0.918
0.375	-0.917
0.375	0.917
0.376	-0.917
0.376	0.917
0.377	-0.916
0.377	0.916
0.378	-0.916
0.378	0.916
0.379	-0.915
0.379	0.915
0.38	-0.915
0.38	0.915
0.381	-0.914
0.381	0.914
0.382	-0.914
0.382	0.914
0.383	-0.913
0.383	0.913
0.384	-0.913
0.384	0.913
0.385	-0.912
0.385	0.912
0.386	-0.912
0.386	0.912
0.387	-0.911
0.387	0.911
0.388	-0.911
0.388	0.911
0.389	-0.91
0.389	0.91
0.39	-0.91
0.39	0.91
0.391	-0.909
0.391	0.909
0.392	-0.909
0.392	0.909
0.393	-0.908
0.393	0.908
0.394	-0.908
0.394	0.908
0.395	-0.907
0.395	0.907
0.396	-0.907
0.396	0.907
0.397	-0.906
0.397	0.906
0.398	-0.906
0.398	0.906
0.399	-0.905
0.399	0.905
0.4	-0.905
0.4	0.905
0.401	-0.904
0.401	0.904
0.402	-0.904
0.402	0.904
0.403	-0.903
0.403	0.903
0.404	-0.903
0.404	0.903
0.405	-0.902
0.405	0.902
0.406	-0.902
0.406	0.902
0.407	-0.901
0.407	0.901
0.408	-0.901
0.408	0.901
0.409	-0.9
0.409	0.9
0.41	-0.9
0.41	0.9
0.411	-0.899
0.411	0.899
0.412	-0.899
0.412	0.899
0.413	-0.898
0.413	0.898
0.414	-0.898
0.414	0.898
0.415	-0.897
0.415	0.897
0.416	-0.897
0.416	0.897
0.417	-0.896
0.417	0.896
0.418	-0.896
0.418	0.896
0.419	-0.895
0.419	0.895
0.42	-0.895
0.42	0.895
0.421	-0.894
0.421	0.894
0.422	-0.894
0.422	0.894
0.423	-0.893
0.423	0.893
0.424	-0.893
0.424	0.893
0.425	-0.892
0.425	0.892
0.426	-0.892
0.426	0.892
0.427	-0.891
0.427	0.891
0.428	-0.891
0.428	0.891
0.429	-0.89
0.429	0.89
0.43	-0.89
0.43	0.89
0.431	-0.889
0.431	0.889
0.432	-0.889
0.432	0.889
0.433	-0.888
0.433	0.888
0.434	-0.888
0.434	0.888
0.435	-0.887
0.435	0.887
0.436	-0.887
0.436	0.887
0.437	-0.886
0.437	0.886
0.438	-0.886
0.438	0.886
0.439	-0.885
0.439	0.885
0.44	-0.885
0.44	0.885
0.441	-0.884
0.441	0.884
0.442	-0.884
0.442	0.884
0.443	-0.883
0.443	0.883
0.444	-0.883
0.444	0.883
0.445	-0.882
0.445	0.882
0.446	-0.882
0.446	0.882
0.447	-0.881
0.447	0.881
0.448	-0.881
0.448	0.881
0.449	-0.88
0.449	0.88
0.45	-0.88
0.45	0.88
0.451	-0.879
0.451	0.879
0.452	-0.879
0.452	0.879
0.453	-0.878
0.453	0.878
0.454	-0.878
0.454	0.878
0.455	-0.877
0.455	0.877
0.456	-0.877
0.456	0.877
0.457	-0.876
0.457	0.876
0.458	-0.876
0.458	0.876
0.459	-0.875
0.459	0.875
0.46	-0.875
0.46	0.875
0.461	-0.874
0.461	0.874
0.462	-0.874
0.462	0.874
0.463	-0.873
0.463	0.873
0.464	-0.873
0.464	0.873
0.465	-0.872
0.465	0.872
0.466	-0.872
0.466	0.872
0.467	-0.871
0.467	0.871
0.468	-0.871
0.468	0.871
0.469	-0.87
0.469	0.87
0.47	-0.87
0.47	0.87
0.471	-0.869
0.471	0.869
0.472	-0.869
0.472	0.869
0.473	-0.868
0.473	0.868
0.474	-0.868
0.474	0.868
0.475	-0.867
0.475	0.867
0.476	-0.867
0.476	0.867
0.477	-0.866
0.477	0.866
0.478	-0.866
0.478	0.866
0.479	-0.865
0.479	0.865
0.48	-0.865
0.48	0.865
0.481	-0.864
0.481	0.864
0.482	-0.864
0.482	0.864
0.483	-0.863
0.483	0.863
0.484	-0.863
0.484	0.863
0.485	-0.862
0.485	0.862
0.486	-0.862
0.486	0.862
0.487	-0.861
0.487	0.861
0.488	-0.861
0.488	0.861
0.489	-0.86
0.489	0.86
0.49	-0.86
0.49	0.86
0.491	-0.859
0.491	0.859
0.492	-0.859
0.492	0.859
0.493	-0.858
0.493	0.858
0.494	-0.858
0.494	0.858
0.495	-0.857
0.495	0.857
0.496	-0.857
0.496	0.857
0.497	-0.856
0.497	0.856
0.498	-0.856
0.498	0.856
0.499	-0.855
0.499	0.855
0.5	-0.855
0.5	0.855
0.501	-0.854
0.501	0.854
0.502	-0.854
0.502	0.854
0.503	-0.853
0.503	0.853
0.504	-0.853
0.504	0.853
0.505	-0.852
0.505	0.852
0.506	-0.852
0.506	0.852
0.507	-0.851
0.507	0.851
0.508	-0.851
0.508	0.851
0.509	-0.85
0.509	0.85
0.51	-0.85
0.51	0.85
0.511	-0.849
0.511	0.849
0.512	-0.849
0.512	0.849
0.513	-0.848
0.513	0.848
0.514	-0.848
0.514	0.848
0.515	-0.847
0.515	0.847
0.516	-0.847
0.516	0.847
0.517	-0.846
0.517	0.846
0.518	-0.846
0.518	0.846
0.519	-0.845
0.519	0.845
0.52	-0.845
0.52	0.845
0.521	-0.844
0.521	0.844
0.522	-0.844
0.522	0.844
0.523	-0.843
0.523	0.843
0.524	-0.843
0.524	0.843
0.525	-0.842
0.525	0.842
0.526	-0.842
0.526	0.842
0.527	-0.841
0.527	0.841
0.528	-0.841
0.528	0.841
0.529	-0.84
0.529	0.84
0.53	-0.84
0.53	0.84
0.531	-0.839
0.531	0.839
0.532	-0.839
0.532	0.839
0.533	-0.838
0.533	0.838
0.534	-0.838
0.534	0.838
0.535	-0.837
0.535	0.837
0.536	-0.837
0.536	0.837
0.537	-0.836
0.537	0.836
0.538	-0.836
0.538	0.836
0.539	-0.835
0.539	0.835
0.54	-0.835
0.54	0.835
0.541	-0.834
0.541	0.834
0.542	-0.834
0.542	0.834
0.543	-0.833
0.543	0.833
0.544	-0.833
0.544	0.833
0.545	-0.832
0.545	0.832
0.546	-0.832
0.546	0.832
0.547	-0.831
0.547	0.831
0.548	-0.831
0.548	0.831
0.549	-0.83
0.549	0.83
0.55	-0.83
0.55	0.83
0.551	-0.829
0.551	0.829
0.552	-0.829
0.552	0.829
0.553	-0.828
0.553	0.828
0.554	-0.828
0.554	0.828
0.555	-0.827
0.555	0.827
0.556	-0.827
0.556	0.827
0.557	-0.826
0.557	0.826
0.558	-0.826
0.558	0.826
0.559	-0.825
0.559	0.825
0.56	-0.825
0.56	0.825
0.561	-0.824
0.561	0.824
0.562	-0.824
0.562	0.824
0.563	-0.823
0.563	0.823
0.564	-0.823
0.564	-0.822
0.564	0.822
0.564	0.823
0.565	-0.822
0.565	0.822
0.566	-0.821
0.566	0.821
0.567	-0.821
0.567	-0.82
0.567	0.82
0.567	0.821
0.568	-0.82
0.568	0.82
0.569	-0.819
0.569	0.819
0.57	-0.819
0.57	-0.818
0.57	0.818
0.57	0.819
0.571	-0.818
0.571	0.818
0.572	-0.817
0.572	0.817
0.573	-0.817
0.573	-0.816
0.573	0.816
0.573	0.817
0.574	-0.816
0.574	0.816
0.575	-0.815
0.575	0.815
0.576	-0.815
0.576	-0.814
0.576	0.814
0.576	0.815
0.577	-0.814
0.577	0.814
0.578	-0.813
0.578	0.813
0.579	-0.813
0.579	-0.812
0.579	0.812
0.579	0.813
0.58	-0.812
0.58	0.812
0.581	-0.811
0.581	0.811
0.582	-0.811
0.582	-0.81
0.582	0.81
0.582	0.811
0.583	-0.81
0.583	0.81
0.584	-0.809
0.584	0.809
0.585	-0.809
0.585	-0.808
0.585	0.808
0.585	0.809
0.586	-0.808
0.586	0.808
0.587	-0.807
0.587	0.807
0.588	-0.807
0.588	-0.806
0.588	0.806
0.588	0.807
0.589	-0.806
0.589	-0.805
0.589	0.805
0.589	0.806
0.59	-0.805
0.59	-0.804
0.59	0.804
0.59	0.805
0.591	-0.804
0.591	-0.803
0.591	0.803
0.591	0.804
0.592	-0.803
0.592	-0.802
0.592	0.802
0.592	0.803
0.593	-0.802
0.593	-0.801
0.593	0.801
0.593	0.802
0.594	-0.801
0.594	-0.8
0.594	0.8
0.594	0.801
0.595	-0.8
0.595	-0.799
0.595	0.799
0.595	0.8
0.596	-0.799
0.596	-0.798
0.596	0.798
0.596	0.799
0.597	-0.798
0.597	-0.797
0.597	0.797
0.597	0.798
0.598	-0.797
0.598	-0.796
0.598	0.796
0.598	0.797
0.599	-0.796
0.599	-0.795
0.599	0.795
0.599	0.796
0.6	-0.795
0.6	-0.794
0.6	0.794
0.6	0.795
0.601	-0.794
0.601	-0.793
0.601	0.793
0.601	0.794
0.602	-0.793
0.602	-0.792
0.602	0.792
0.602	0.793
0.603	-0.792
0.603	-0.791
0.603	0.791
0.603	0.792
0.604	-0.791
0.604	-0.79
0.604	0.79
0.604	0.791
0.605	-0.79
0.605	-0.789
0.605	0.789
0.605	0.79
0.606	-0.789
0.606	-0.788
0.606	0.788
0.606	0.789
0.607	-0.788
0.607	-0.787
0.607	0.787
0.607	0.788
0.608	-0.787
0.608	-0.786
0.608	0.786
0.608	0.787
0.609	-0.786
0.609	-0.785
0.609	0.785
0.609	0.786
0.61	-0.785
0.61	-0.784
0.61	0.784
0.61	0.785
0.611	-0.784
0.611	-0.783
0.611	0.783
0.611	0.784
0.612	-0.783
0.612	-0.782
0.612	0.782
0.612	0.783
0.613	-0.782
0.613	-0.781
0.613	0.781
0.613	0.782
0.614	-0.781
0.614	-0.78
0.614	0.78
0.614	0.781
0.615	-0.78
0.615	-0.779
0.615	0.779
0.615	0.78
0.616	-0.779
0.616	-0.778
0.616	0.778
0.616	0.779
0.617	-0.778
0.617	-0.777
0.617	0.777
0.617	0.778
0.618	-0.777
0.618	-0.776
0.618	0.776
0.618	0.777
0.619	-0.776
0.619	-0.775
0.619	0.775
0.619	0.776
0.62	-0.775
0.62	-0.774
0.62	0.774
0.62	0.775
0.621	-0.774
0.621	-0.773
0.621	0.773
0.621	0.774
0.622	-0.773
0.622	-0.772
0.622	0.772
0.622	0.773
0.623	-0.772
0.623	-0.771
0.623	0.771
0.623	0.772
0.624	-0.771
0.624	-0.77
0.624	0.77
0.624	0.771
0.625	-0.77
0.625	-0.769
0.625	0.769
0.625	0.77
0.626	-0.769
0.626	-0.768
0.626	0.768
0.626	0.769
0.627	-0.768
0.627	-0.767
0.627	0.767
0.627	0.768
0.628	-0.767
0.628	-0.766
0.628	0.766
0.628	0.767
0.629	-0.766
0.629	-0.765
0.629	0.765
0.629	0.766
0.63	-0.765
0.63	-0.764
0.63	0.764
0.63	0.765
0.631	-0.764
0.631	-0.763
0.631	0.763
0.631	0.764
0.632	-0.763
0.632	-0.762
0.632	0.762
0.632	0.763
0.633	-0.762
0.633	-0.761
0.633	0.761
0.633	0.762
0.634	-0.761
0.634	-0.76
0.634	0.76
0.634	0.761
0.635	-0.76
0.635	-0.759
0.635	0.759
0.635	0.76
0.636	-0.759
0.636	-0.758
0.636	0.758
0.636	0.759
0.637	-0.758
0.637	-0.757
0.637	0.757
0.637	0.758
0.638	-0.757
0.638	-0.756
0.638	0.756
0.638	0.757
0.639	-0.756
0.639	-0.755
0.639	0.755
0.639	0.756
0.64	-0.755
0.64	-0.754
0.64	0.754
0.64	0.755
0.641	-0.754
0.641	-0.753
0.641	0.753
0.641	0.754
0.642	-0.753
0.642	-0.752
0.642	0.752
0.642	0.753
0.643	-0.752
0.643	-0.751
0.643	0.751
0.643	0.752
0.644	-0.751
0.644	-0.75
0.644	0.75
0.644	0.751
0.645	-0.75
0.645	-0.749
0.645	0.749
0.645	0.75
0.646	-0.749
0.646	-0.748
0.646	0.748
0.646	0.749
0.647	-0.748
0.647	-0.747
0.647	0.747
0.647	0.748
0.648	-0.747
0.648	-0.746
0.648	0.746
0.648	0.747
0.649	-0.746
0.649	-0.745
0.649	0.745
0.649	0.746
0.65	-0.745
0.65	-0.744
0.65	0.744
0.65	0.745
0.651	-0.744
0.651	-0.743
0.651	0.743
0.651	0.744
0.652	-0.743
0.652	-0.742
0.652	0.742
0.652	0.743
0.653	-0.742
0.653	-0.741
0.653	0.741
0.653	0.742
0.654	-0.741
0.654	-0.74
0.654	0.74
0.654	0.741
0.655	-0.74
0.655	-0.739
0.655	0.739
0.655	0.74
0.656	-0.739
0.656	-0.738
0.656	0.738
0.656	0.739
0.657	-0.738
0.657	-0.737
0.657	0.737
0.657	0.738
0.658	-0.737
0.658	-0.736
0.658	0.736
0.658	0.737
0.659	-0.736
0.659	-0.735
0.659	0.735
0.659	0.736
0.66	-0.735
0.66	-0.734
0.66	0.734
0.66	0.735
0.661	-0.734
0.661	-0.733
0.661	0.733
0.661	0.734
0.662	-0.733
0.662	-0.732
0.662	0.732
0.662	0.733
0.663	-0.732
0.663	-0.731
0.663	0.731
0.663	0.732
0.664	-0.731
0.664	-0.73
0.664	0.73
0.664	0.731
0.665	-0.73
0.665	-0.729
0.665	0.729
0.665	0.73
0.666	-0.729
0.666	-0.728
0.666	0.728
0.666	0.729
0.667	-0.728
0.667	-0.727
0.667	0.727
0.667	0.728
0.668	-0.727
0.668	-0.726
0.668	0.726
0.668	0.727
0.669	-0.726
0.669	-0.725
0.669	0.725
0.669	0.726
0.67	-0.725
0.67	-0.724
0.67	0.724
0.67	0.725
0.671	-0.724
0.671	-0.723
0.671	0.723
0.671	0.724
0.672	-0.723
0.672	-0.722
0.672	0.722
0.672	0.723
0.673	-0.722
0.673	-0.721
0.673	0.721
0.673	0.722
0.674	-0.721
0.674	-0.72
0.674	0.72
0.674	0.721
0.675	-0.72
0.675	-0.719
0.675	0.719
0.675	0.72
0.676	-0.719
0.676	-0.718
0.676	0.718
0.676	0.719
0.677	-0.718
0.677	-0.717
0.677	0.717
0.677	0.718
0.678	-0.717
0.678	-0.716
0.678	0.716
0.678	0.717
0.679	-0.716
0.679	-0.715
0.679	0.715
0.679	0.716
0.68	-0.715
0.68	-0.714
0.68	0.714
0.68	0.715
0.681	-0.714
0.681	-0.713
0.681	0.713
0.681	0.714
0.682	-0.713
0.682	-0.712
0.682	0.712
0.682	0.713
0.683	-0.712
0.683	-0.711
0.683	0.711
0.683	0.712
0.684	-0.711
0.684	-0.71
0.684	0.71
0.684	0.711
0.685	-0.71
0.685	-0.709
0.685	0.709
0.685	0.71
0.686	-0.709
0.686	-0.708
0.686	0.708
0.686	0.709
0.687	-0.708
0.687	-0.707
0.687	0.707
0.687	0.708
0.688	-0.707
0.688	-0.706
0.688	0.706
0.688	0.707
0.689	-0.706
0.689	-0.705
0.689	0.705
0.689	0.706
0.69	-0.705
0.69	-0.704
0.69	0.704
0.69	0.705
0.691	-0.704
0.691	-0.703
0.691	0.703
0.691	0.704
0.692	-0.703
0.692	-0.702
0.692	0.702
0.692	0.703
0.693	-0.702
0.693	-0.701
0.693	0.701
0.693	0.702
0.694	-0.701
0.694	-0.7
0.694	0.7
0.694	0.701
0.695	-0.7
0.695	-0.699
0.695	0.699
0.695	0.7
0.696	-0.699
0.696	-0.698
0.696	0.698
0.696	0.699
0.697	-0.698
0.697	-0.697
0.697	0.697
0.697	0.698
0.698	-0.697
0.698	-0.696
0.698	0.696
0.698	0.697
0.699	-0.696
0.699	-0.695
0.699	0.695
0.699	0.696
0.7	-0.695
0.7	-0.694
0.7	0.694
0.7	0.695
0.701	-0.694
0.701	-0.693
0.701	0.693
0.701	0.694
0.702	-0.693
0.702	-0.692
0.702	0.692
0.702	0.693
0.703	-0.692
0.703	-0.691
0.703	0.691
0.703	0.692
0.704	-0.691
0.704	-0.69
0.704	0.69
0.704	0.691
0.705	-0.69
0.705	-0.689
0.705	0.689
0.705	0.69
0.706	-0.689
0.706	-0.688
0.706	0.688
0.706	0.689
0.707	-0.688
0.707	-0.687
0.707	0.687
0.707	0.688
0.708	-0.687
0.708	-0.686
0.708	0.686
0.708	0.687
0.709	-0.686
0.709	-0.685
0.709	0.685
0.709	0.686
0.71	-0.685
0.71	-0.684
0.71	0.684
0.71	0.685
0.711	-0.684
0.711	-0.683
0.711	0.683
0.711	0.684
0.712	-0.683
0.712	-0.682
0.712	0.682
0.712	0.683
0.713	-0.682
0.713	-0.681
0.713	0.681
0.713	0.682
0.714	-0.681
0.714	-0.68
0.714	0.68
0.714	0.681
0.715	-0.68
0.715	-0.679
0.715	0.679
0.715	0.68
0.716	-0.679
0.716	-0.678
0.716	0.678
0.716	0.679
0.717	-0.678
0.717	-0.677
0.717	0.677
0.717	0.678
0.718	-0.677
0.718	-0.676
0.718	0.676
0.718	0.677
0.719	-0.676
0.719	-0.675
0.719	0.675
0.719	0.676
0.72	-0.675
0.72	-0.674
0.72	0.674
0.72	0.675
0.721	-0.674
0.721	-0.673
0.721	0.673
0.721	0.674
0.722	-0.673
0.722	-0.672
0.722	0.672
0.722	0.673
0.723	-0.672
0.723	-0.671
0.723	0.671
0.723	0.672
0.724	-0.671
0.724	-0.67
0.724	0.67
0.724	0.671
0.725	-0.67
0.725	-0.669
0.725	0.669
0.725	0.67
0.726	-0.669
0.726	-0.668
0.726	0.668
0.726	0.669
0.727	-0.668
0.727	-0.667
0.727	0.667
0.727	0.668
0.728	-0.667
0.728	-0.666
0.728	0.666
0.728	0.667
0.729	-0.666
0.729	-0.665
0.729	0.665
0.729	0.666
0.73	-0.665
0.73	-0.664
0.73	0.664
0.73	0.665
0.731	-0.664
0.731	-0.663
0.731	0.663
0.731	0.664
0.732	-0.663
0.732	-0.662
0.732	0.662
0.732	0.663
0.733	-0.662
0.733	-0.661
0.733	0.661
0.733	0.662
0.734	-0.661
0.734	-0.66
0.734	0.66
0.734	0.661
0.735	-0.66
0.735	-0.659
0.735	0.659
0.735	0.66
0.736	-0.659
0.736	-0.658
0.736	0.658
0.736	0.659
0.737	-0.658
0.737	-0.657
0.737	0.657
0.737	0.658
0.738	-0.657
0.738	-0.656
0.738	0.656
0.738	0.657
0.739	-0.656
0.739	-0.655
0.739	0.655
0.739	0.656
0.74	-0.655
0.74	-0.654
0.74	0.654
0.74	0.655
0.741	-0.654
0.741	-0.653
0.741	0.653
0.741	0.654
0.742	-0.653
0.742	-0.652
0.742	0.652
0.742	0.653
0.743	-0.652
0.743	-0.651
0.743	0.651
0.743	0.652
0.744	-0.651
0.744	-0.65
0.744	0.65
0.744	0.651
0.745	-0.65
0.745	-0.649
0.745	0.649
0.745	0.65
0.746	-0.649
0.746	-0.648
0.746	0.648
0.746	0.649
0.747	-0.648
0.747	-0.647
0.747	0.647
0.747	0.648
0.748	-0.647
0.748	-0.646
0.748	0.646
0.748	0.647
0.749	-0.646
0.749	-0.645
0.749	0.645
0.749	0.646
0.75	-0.645
0.75	-0.644
0.75	0.644
0.75	0.645
0.751	-0.644
0.751	-0.643
0.751	0.643
0.751	0.644
0.752	-0.643
0.752	-0.642
0.752	0.642
0.752	0.643
0.753	-0.642
0.753	-0.641
0.753	0.641
0.753	0.642
0.754	-0.641
0.754	-0.64
0.754	0.64
0.754	0.641
0.755	-0.64
0.755	-0.639
0.755	0.639
0.755	0.64
0.756	-0.639
0.756	-0.638
0.756	0.638
0.756	0.639
0.757	-0.638
0.757	-0.637
0.757	0.637
0.757	0.638
0.758	-0.637
0.758	-0.636
0.758	0.636
0.758	0.637
0.759	-0.636
0.759	-0.635
0.759	0.635
0.759	0.636
0.76	-0.635
0.76	-0.634
0.76	0.634
0.76	0.635
0.761	-0.634
0.761	-0.633
0.761	0.633
0.761	0.634
0.762	-0.633
0.762	-0.632
0.762	0.632
0.762	0.633
0.763	-0.632
0.763	-0.631
0.763	0.631
0.763	0.632
0.764	-0.631
0.764	-0.63
0.764	0.63
0.764	0.631
0.765	-0.63
0.765	-0.629
0.765	0.629
0.765	0.63
0.766	-0.629
0.766	-0.628
0.766	0.628
0.766	0.629
0.767	-0.628
0.767	-0.627
0.767	0.627
0.767	0.628
0.768	-0.627
0.768	-0.626
0.768	0.626
0.768	0.627
0.769	-0.626
0.769	-0.625
0.769	0.625
0.769	0.626
0.77	-0.625
0.77	-0.624
0.77	0.624
0.77	0.625
0.771	-0.624
0.771	-0.623
0.771	0.623
0.771	0.624
0.772	-0.623
0.772	-0.622
0.772	0.622
0.772	0.623
0.773	-0.622
0.773	-0.621
0.773	0.621
0.773	0.622
0.774	-0.621
0.774	-0.62
0.774	0.62
0.774	0.621
0.775	-0.62
0.775	-0.619
0.775	0.619
0.775	0.62
0.776	-0.619
0.776	-0.618
0.776	0.618
0.776	0.619
0.777	-0.618
0.777	-0.617
0.777	0.617
0.777	0.618
0.778	-0.617
0.778	-0.616
0.778	0.616
0.778	0.617
0.779	-0.616
0.779	-0.615
0.779	0.615
0.779	0.616
0.78	-0.615
0.78	-0.614
0.78	0.614
0.78	0.615
0.781	-0.614
0.781	-0.613
0.781	0.613
0.781	0.614
0.782	-0.613
0.782	-0.612
0.782	0.612
0.782	0.613
0.783	-0.612
0.783	-0.611
0.783	0.611
0.783	0.612
0.784	-0.611
0.784	-0.61
0.784	0.61
0.784	0.611
0.785	-0.61
0.785	-0.609
0.785	0.609
0.785	0.61
0.786	-0.609
0.786	-0.608
0.786	0.608
0.786	0.609
0.787	-0.608
0.787	-0.607
0.787	0.607
0.787	0.608
0.788	-0.607
0.788	-0.606
0.788	0.606
0.788	0.607
0.789	-0.606
0.789	-0.605
0.789	0.605
0.789	0.606
0.79	-0.605
0.79	-0.604
0.79	0.604
0.79	0.605
0.791	-0.604
0.791	-0.603
0.791	0.603
0.791	0.604
0.792	-0.603
0.792	-0.602
0.792	0.602
0.792	0.603
0.793	-0.602
0.793	-0.601
0.793	0.601
0.793	0.602
0.794	-0.601
0.794	-0.6
0.794	0.6
0.794	0.601
0.795	-0.6
0.795	-0.599
0.795	0.599
0.795	0.6
0.796	-0.599
0.796	-0.598
0.796	0.598
0.796	0.599
0.797	-0.598
0.797	-0.597
0.797	0.597
0.797	0.598
0.798	-0.597
0.798	-0.596
0.798	0.596
0.798	0.597
0.799	-0.596
0.799	-0.595
0.799	0.595
0.799	0.596
0.8	-0.595
0.8	-0.594
0.8	0.594
0.8	0.595
0.801	-0.594
0.801	-0.593
0.801	0.593
0.801	0.594
0.802	-0.593
0.802	-0.592
0.802	0.592
0.802	0.593
0.803	-0.592
0.803	-0.591
0.803	0.591
0.803	0.592
0.804	-0.591
0.804	-0.59
0.804	0.59
0.804	0.591
0.805	-0.59
0.805	-0.589
0.805	0.589
0.805	0.59
0.806	-0.589
0.806	-0.588
0.806	0.588
0.806	0.589
0.807	-0.588
0.807	-0.587
0.807	0.587
0.807	0.588
0.808	-0.586
0.808	-0.585
0.808	0.585
0.808	0.586
0.809	-0.585
0.809	-0.584
0.809	0.584
0.809	0.585
0.81	-0.583
0.81	-0.582
0.81	0.582
0.81	0.583
0.811	-0.582
0.811	-0.581
0.811	0.581
0.811	0.582
0.812	-0.58
0.812	-0.579
0.812	0.579
0.812	0.58
0.813	-0.579
0.813	-0.578
0.813	0.578
0.813	0.579
0.814	-0.577
0.814	-0.576
0.814	0.576
0.814	0.577
0.815	-0.576
0.815	-0.575
0.815	0.575
0.815	0.576
0.816	-0.574
0.816	-0.573
0.816	0.573
0.816	0.574
0.817	-0.573
0.817	-0.572
0.817	0.572
0.817	0.573
0.818	-0.571
0.818	-0.57
0.818	0.57
0.818	0.571
0.819	-0.57
0.819	-0.569
0.819	0.569
0.819	0.57
0.82	-0.568
0.82	-0.567
0.82	0.567
0.82	0.568
0.821	-0.567
0.821	-0.566
0.821	0.566
0.821	0.567
0.822	-0.565
0.822	-0.564
0.822	0.564
0.822	0.565
0.823	-0.564
0.823	-0.563
0.823	0.563
0.823	0.564
0.824	-0.562
0.824	-0.561
0.824	0.561
0.824	0.562
0.825	-0.56
0.825	-0.559
0.825	0.559
0.825	0.56
0.826	-0.558
0.826	-0.557
0.826	0.557
0.826	0.558
0.827	-0.556
0.827	-0.555
0.827	0.555
0.827	0.556
0.828	-0.554
0.828	-0.553
0.828	0.553
0.828	0.554
0.829	-0.552
0.829	-0.551
0.829	0.551
0.829	0.552
0.83	-0.55
0.83	-0.549
0.83	0.549
0.83	0.55
0.831	-0.548
0.831	-0.547
0.831	0.547
0.831	0.548
0.832	-0.546
0.832	-0.545
0.832	0.545
0.832	0.546
0.833	-0.544
0.833	-0.543
0.833	0.543
0.833	0.544
0.834	-0.542
0.834	-0.541
0.834	0.541
0.834	0.542
0.835	-0.54
0.835	-0.539
0.835	0.539
0.835	0.54
0.836	-0.538
0.836	-0.537
0.836	0.537
0.836	0.538
0.837	-0.536
0.837	-0.535
0.837	0.535
0.837	0.536
0.838	-0.534
0.838	-0.533
0.838	0.533
0.838	0.534
0.839	-0.532
0.839	-0.531
0.839	0.531
0.839	0.532
0.84	-0.53
0.84	-0.529
0.84	0.529
0.84	0.53
0.841	-0.528
0.841	-0.527
0.841	0.527
0.841	0.528
0.842	-0.526
0.842	-0.525
0.842	0.525
0.842	0.526
0.843	-0.524
0.843	-0.523
0.843	0.523
0.843	0.524
0.844	-0.522
0.844	-0.521
0.844	0.521
0.844	0.522
0.845	-0.52
0.845	-0.519
0.845	0.519
0.845	0.52
0.846	-0.518
0.846	-0.517
0.846	0.517
0.846	0.518
0.847	-0.516
0.847	-0.515
0.847	0.515
0.847	0.516
0.848	-0.514
0.848	-0.513
0.848	0.513
0.848	0.514
0.849	-0.512
0.849	-0.511
0.849	0.511
0.849	0.512
0.85	-0.51
0.85	-0.509
0.85	0.509
0.85	0.51
0.851	-0.508
0.851	-0.507
0.851	0.507
0.851	0.508
0.852	-0.506
0.852	-0.505
0.852	0.505
0.852	0.506
0.853	-0.504
0.853	-0.503
0.853	0.503
0.853	0.504
0.854	-0.502
0.854	-0.501
0.854	0.501
0.854	0.502
0.855	-0.5
0.855	-0.499
0.855	0.499
0.855	0.5
0.856	-0.498
0.856	-0.497
0.856	0.497
0.856	0.498
0.857	-0.496
0.857	-0.495
0.857	0.495
0.857	0.496
0.858	-0.494
0.858	-0.493
0.858	0.493
0.858	0.494
0.859	-0.492
0.859	-0.491
0.859	0.491
0.859	0.492
0.86	-0.49
0.86	-0.489
0.86	0.489
0.86	0.49
0.861	-0.488
0.861	-0.487
0.861	0.487
0.861	0.488
0.862	-0.486
0.862	-0.485
0.862	0.485
0.862	0.486
0.863	-0.484
0.863	-0.483
0.863	0.483
0.863	0.484
0.864	-0.482
0.864	-0.481
0.864	0.481
0.864	0.482
0.865	-0.48
0.865	-0.479
0.865	0.479
0.865	0.48
0.866	-0.478
0.866	-0.477
0.866	0.477
0.866	0.478
0.867	-0.476
0.867	-0.475
0.867	0.475
0.867	0.476
0.868	-0.474
0.868	-0.473
0.868	0.473
0.868	0.474
0.869	-0.472
0.869	-0.471
0.869	0.471
0.869	0.472
0.87	-0.47
0.87	-0.469
0.87	0.469
0.87	0.47
0.871	-0.468
0.871	-0.467
0.871	0.467
0.871	0.468
0.872	-0.466
0.872	-0.465
0.872	0.465
0.872	0.466
0.873	-0.464
0.873	-0.463
0.873	0.463
0.873	0.464
0.874	-0.462
0.874	-0.461
0.874	0.461
0.874	0.462
0.875	-0.46
0.875	-0.459
0.875	0.459
0.875	0.46
0.876	-0.458
0.876	-0.457
0.876	0.457
0.876	0.458
0.877	-0.456
0.877	-0.455
0.877	0.455
0.877	0.456
0.878	-0.454
0.878	-0.453
0.878	0.453
0.878	0.454
0.879	-0.452
0.879	-0.451
0.879	0.451
0.879	0.452
0.88	-0.45
0.88	-0.449
0.88	0.449
0.88	0.45
0.881	-0.448
0.881	-0.447
0.881	0.447
0.881	0.448
0.882	-0.446
0.882	-0.445
0.882	0.445
0.882	0.446
0.883	-0.444
0.883	-0.443
0.883	0.443
0.883	0.444
0.884	-0.442
0.884	-0.441
0.884	0.441
0.884	0.442
0.885	-0.44
0.885	-0.439
0.885	0.439
0.885	0.44
0.886	-0.438
0.886	-0.437
0.886	0.437
0.886	0.438
0.887	-0.436
0.887	-0.435
0.887	0.435
0.887	0.436
0.888	-0.434
0.888	-0.433
0.888	0.433
0.888	0.434
0.889	-0.432
0.889	-0.431
0.889	0.431
0.889	0.432
0.89	-0.43
0.89	-0.429
0.89	0.429
0.89	0.43
0.891	-0.428
0.891	-0.427
0.891	0.427
0.891	0.428
0.892	-0.426
0.892	-0.425
0.892	0.425
0.892	0.426
0.893	-0.424
0.893	-0.423
0.893	0.423
0.893	0.424
0.894	-0.422
0.894	-0.421
0.894	0.421
0.894	0.422
0.895	-0.42
0.895	-0.419
0.895	0.419
0.895	0.42
0.896	-0.418
0.896	-0.417
0.896	0.417
0.896	0.418
0.897	-0.416
0.897	-0.415
0.897	0.415
0.897	0.416
0.898	-0.414
0.898	-0.413
0.898	0.413
0.898	0.414
0.899	-0.412
0.899	-0.411
0.899	0.411
0.899	0.412
0.9	-0.41
0.9	-0.409
0.9	0.409
0.9	0.41
0.901	-0.408
0.901	-0.407
0.901	0.407
0.901	0.408
0.902	-0.406
0.902	-0.405
0.902	0.405
0.902	0.406
0.903	-0.404
0.903	-0.403
0.903	0.403
0.903	0.404
0.904	-0.402
0.904	-0.401
0.904	0.401
0.904	0.402
0.905	-0.4
0.905	-0.399
0.905	0.399
0.905	0.4
0.906	-0.398
0.906	-0.397
0.906	0.397
0.906	0.398
0.907	-0.396
0.907	-0.395
0.907	0.395
0.907	0.396
0.908	-0.394
0.908	-0.393
0.908	0.393
0.908	0.394
0.909	-0.392
0.909	-0.391
0.909	0.391
0.909	0.392
0.91	-0.39
0.91	-0.389
0.91	0.389
0.91	0.39
0.911	-0.388
0.911	-0.387
0.911	0.387
0.911	0.388
0.912	-0.386
0.912	-0.385
0.912	0.385
0.912	0.386
0.913	-0.384
0.913	-0.383
0.913	0.383
0.913	0.384
0.914	-0.382
0.914	-0.381
0.914	0.381
0.914	0.382
0.915	-0.38
0.915	-0.379
0.915	0.379
0.915	0.38
0.916	-0.378
0.916	-0.377
0.916	0.377
0.916	0.378
0.917	-0.376
0.917	-0.375
0.917	0.375
0.917	0.376
0.918	-0.374
0.918	-0.373
0.918	0.373
0.918	0.374
0.919	-0.372
0.919	-0.371
0.919	0.371
0.919	0.372
0.92	-0.37
0.92	-0.369
0.92	0.369
0.92	0.37
0.921	-0.368
0.921	-0.367
0.921	0.367
0.921	0.368
0.922	-0.366
0.922	-0.365
0.922	0.365
0.922	0.366
0.923	-0.364
0.923	-0.363
0.923	0.363
0.923	0.364
0.924	-0.362
0.924	-0.361
0.924	0.361
0.924	0.362
0.925	-0.36
0.925	-0.359
0.925	0.359
0.925	0.36
0.926	-0.358
0.926	-0.357
0.926	0.357
0.926	0.358
0.927	-0.356
0.927	-0.355
0.927	0.355
0.927	0.356
0.928	-0.354
0.928	-0.353
0.928	0.353
0.928	0.354
0.929	-0.352
0.929	-0.351
0.929	-0.35
0.929	-0.349
0.929	0.349
0.929	0.35
0.929	0.351
0.929	0.352
0.93	-0.348
0.93	-0.347
0.93	-0.346
0.93	-0.345
0.93	0.345
0.93	0.346
0.93	0.347
0.93	0.348
0.931	-0.344
0.931	-0.343
0.931	-0.342
0.931	-0.341
0.931	0.341
0.931	0.342
0.931	0.343
0.931	0.344
0.932	-0.34
0.932	-0.339
0.932	-0.338
0.932	-0.337
0.932	0.337
0.932	0.338
0.932	0.339
0.932	0.34
0.933	-0.336
0.933	-0.335
0.933	-0.334
0.933	-0.333
0.933	0.333
0.933	0.334
0.933	0.335
0.933	0.336
0.934	-0.332
0.934	-0.331
0.934	-0.33
0.934	-0.329
0.934	0.329
0.934	0.33
0.934	0.331
0.934	0.332
0.935	-0.328
0.935	-0.327
0.935	-0.326
0.935	-0.325
0.935	0.325
0.935	0.326
0.935	0.327
0.935	0.328
0.936	-0.324
0.936	-0.323
0.936	-0.322
0.936	-0.321
0.936	0.321
0.936	0.322
0.936	0.323
0.936	0.324
0.937	-0.32
0.937	-0.319
0.937	-0.318
0.937	-0.317
0.937	0.317
0.937	0.318
0.937	0.319
0.937	0.32
0.938	-0.316
0.938	-0.315
0.938	-0.314
0.938	-0.313
0.938	0.313
0.938	0.314
0.938	0.315
0.938	0.316
0.939	-0.312
0.939	-0.311
0.939	-0.31
0.939	-0.309
0.939	0.309
0.939	0.31
0.939	0.311
0.939	0.312
0.94	-0.308
0.94	-0.307
0.94	-0.306
0.94	-0.305
0.94	0.305
0.94	0.306
0.94	0.307
0.94	0.308
0.941	-0.304
0.941	-0.303
0.941	-0.302
0.941	-0.301
0.941	0.301
0.941	0.302
0.941	0.303
0.941	0.304
0.942	-0.3
0.942	-0.299
0.942	-0.298
0.942	-0.297
0.942	0.297
0.942	0.298
0.942	0.299
0.942	0.3
0.943	-0.296
0.943	-0.295
0.943	-0.294
0.943	-0.293
0.943	0.293
0.943	0.294
0.943	0.295
0.943	0.296
0.944	-0.292
0.944	-0.291
0.944	-0.29
0.944	-0.289
0.944	0.289
0.944	0.29
0.944	0.291
0.944	0.292
0.945	-0.288
0.945	-0.287
0.945	-0.286
0.945	-0.285
0.945	0.285
0.945	0.286
0.945	0.287
0.945	0.288
0.946	-0.284
0.946	-0.283
0.946	-0.282
0.946	-0.281
0.946	0.281
0.946	0.282
0.946	0.283
0.946	0.284
0.947	-0.28
0.947	-0.279
0.947	-0.278
0.947	-0.277
0.947	0.277
0.947	0.278
0.947	0.279
0.947	0.28
0.948	-0.276
0.948	-0.275
0.948	-0.274
0.948	-0.273
0.948	0.273
0.948	0.274
0.948	0.275
0.948	0.276
0.949	-0.272
0.949	-0.271
0.949	-0.27
0.949	-0.269
0.949	0.269
0.949	0.27
0.949	0.271
0.949	0.272
0.95	-0.268
0.95	-0.267
0.95	-0.266
0.95	-0.265
0.95	0.265
0.95	0.266
0.95	0.267
0.95	0.268
0.951	-0.264
0.951	-0.263
0.951	-0.262
0.951	-0.261
0.951	0.261
0.951	0.262
0.951	0.263
0.951	0.264
0.952	-0.26
0.952	-0.259
0.952	-0.258
0.952	-0.257
0.952	0.257
0.952	0.258
0.952	0.259
0.952	0.26
0.953	-0.256
0.953	-0.255
0.953	-0.254
0.953	-0.253
0.953	0.253
0.953	0.254
0.953	0.255
0.953	0.256
0.954	-0.252
0.954	-0.251
0.954	-0.25
0.954	-0.249
0.954	0.249
0.954	0.25
0.954	0.251
0.954	0.252
0.955	-0.248
0.955	-0.247
0.955	-0.246
0.955	-0.245
0.955	0.245
0.955	0.246
0.955	0.247
0.955	0.248
0.956	-0.244
0.956	-0.243
0.956	-0.242
0.956	-0.241
0.956	0.241
0.956	0.242
0.956	0.243
0.956	0.244
0.957	-0.24
0.957	-0.239
0.957	-0.238
0.957	-0.237
0.957	0.237
0.957	0.238
0.957	0.239
0.957	0.24
0.958	-0.236
0.958	-0.235
0.958	-0.234
0.958	-0.233
0.958	0.233
0.958	0.234
0.958	0.235
0.958	0.236
0.959	-0.232
0.959	-0.231
0.959	-0.23
0.959	-0.229
0.959	0.229
0.959	0.23
0.959	0.231
0.959	0.232
0.96	-0.228
0.96	-0.227
0.96	-0.226
0.96	-0.225
0.96	0.225
0.96	0.226
0.96	0.227
0.96	0.228
0.961	-0.224
0.961	-0.223
0.961	-0.222
0.961	-0.221
0.961	0.221
0.961	0.222
0.961	0.223
0.961	0.224
0.962	-0.22
0.962	-0.219
0.962	-0.218
0.962	-0.217
0.962	0.217
0.962	0.218
0.962	0.219
0.962	0.22
0.963	-0.216
0.963	-0.215
0.963	-0.214
0.963	-0.213
0.963	0.213
0.963	0.214
0.963	0.215
0.963	0.216
0.964	-0.212
0.964	-0.211
0.964	-0.21
0.964	-0.209
0.964	0.209
0.964	0.21
0.964	0.211
0.964	0.212
0.965	-0.208
0.965	-0.207
0.965	-0.206
0.965	-0.205
0.965	0.205
0.965	0.206
0.965	0.207
0.965	0.208
0.966	-0.204
0.966	-0.203
0.966	-0.202
0.966	-0.201
0.966	0.201
0.966	0.202
0.966	0.203
0.966	0.204
0.967	-0.2
0.967	-0.199
0.967	-0.198
0.967	-0.197
0.967	0.197
0.967	0.198
0.967	0.199
0.967	0.2
0.968	-0.196
0.968	-0.195
0.968	-0.194
0.968	-0.193
0.968	0.193
0.968	0.194
0.968	0.195
0.968	0.196
0.969	-0.192
0.969	-0.191
0.969	-0.19
0.969	-0.189
0.969	0.189
0.969	0.19
0.969	0.191
0.969	0.192
0.97	-0.188
0.97	-0.187
0.97	-0.186
0.97	-0.185
0.97	0.185
0.97	0.186
0.97	0.187
0.97	0.188
0.971	-0.184
0.971	-0.183
0.971	-0.182
0.971	-0.181
0.971	0.181
0.971	0.182
0.971	0.183
0.971	0.184
0.972	-0.18
0.972	-0.179
0.972	-0.178
0.972	-0.177
0.972	0.177
0.972	0.178
0.972	0.179
0.972	0.18
0.973	-0.176
0.973	-0.175
0.973	-0.174
0.973	-0.173
0.973	0.173
0.973	0.174
0.973	0.175
0.973	0.176
0.974	-0.172
0.974	-0.171
0.974	-0.17
0.974	-0.169
0.974	0.169
0.974	0.17
0.974	0.171
0.974	0.172
0.975	-0.168
0.975	-0.167
0.975	-0.166
0.975	-0.165
0.975	0.165
0.975	0.166
0.975	0.167
0.975	0.168
0.976	-0.164
0.976	-0.163
0.976	-0.162
0.976	-0.161
0.976	0.161
0.976	0.162
0.976	0.163
0.976	0.164
0.977	-0.16
0.977	-0.159
0.977	-0.158
0.977	-0.157
0.977	0.157
0.977	0.158
0.977	0.159
0.977	0.16
0.978	-0.156
0.978	-0.155
0.978	-0.154
0.978	-0.153
0.978	0.153
0.978	0.154
0.978	0.155
0.978	0.156
0.979	-0.152
0.979	-0.151
0.979	-0.15
0.979	-0.149
0.979	0.149
0.979	0.15
0.979	0.151
0.979	0.152
0.98	-0.148
0.98	-0.147
0.98	-0.146
0.98	-0.145
0.98	0.145
0.98	0.146
0.98	0.147
0.98	0.148
0.981	-0.144
0.981	-0.143
0.981	-0.142
0.981	-0.141
0.981	0.141
0.981	0.142
0.981	0.143
0.981	0.144
0.982	-0.14
0.982	-0.139
0.982	-0.138
0.982	-0.137
0.982	0.137
0.982	0.138
0.982	0.139
0.982	0.14
0.983	-0.136
0.983	-0.135
0.983	-0.134
0.983	-0.133
0.983	0.133
0.983	0.134
0.983	0.135
0.983	0.136
0.984	-0.132
0.984	-0.131
0.984	-0.13
0.984	-0.129
0.984	0.129
0.984	0.13
0.984	0.131
0.984	0.132
0.985	-0.128
0.985	-0.127
0.985	-0.126
0.985	-0.125
0.985	0.125
0.985	0.126
0.985	0.127
0.985	0.128
0.986	-0.124
0.986	-0.123
0.986	-0.122
0.986	-0.121
0.986	0.121
0.986	0.122
0.986	0.123
0.986	0.124
0.987	-0.12
0.987	-0.119
0.987	-0.118
0.987	-0.117
0.987	-0.116
0.987	-0.115
0.987	-0.114
0.987	-0.113
0.987	-0.112
0.987	-0.111
0.987	-0.11
0.987	-0.109
0.987	-0.108
0.987	-0.107
0.987	-0.106
0.987	-0.105
0.987	-0.104
0.987	-0.103
0.987	-0.102
0.987	-0.101
0.987	-0.1
0.987	-0.099
0.987	-0.098
0.987	-0.097
0.987	-0.096
0.987	-0.095
0.987	-0.094
0.987	-0.093
0.987	-0.092
0.987	-0.091
0.987	-0.09
0.987	-0.089
0.987	-0.088
0.987	-0.087
0.987	-0.086
0.987	-0.085
0.987	-0.084
0.987	-0.083
0.987	-0.082
0.987	-0.081
0.987	-0.08
0.987	-0.079
0.987	-0.078
0.987	-0.077
0.987	-0.076
0.987	-0.075
0.987	-0.074
0.987	-0.073
0.987	-0.072
0.987	-0.071
0.987	-0.07
0.987	-0.069
0.987	-0.068
0.987	-0.067
0.987	-0.066
0.987	-0.065
0.987	-0.064
0.987	-0.063
0.987	-0.062
0.987	-0.061
0.987	-0.06
0.987	-0.059
0.987	-0.058
0.987	-0.057
0.987	-0.056
0.987	-0.055
0.987	-0.054
0.987	-0.053
0.987	-0.052
0.987	-0.051
0.987	-0.05
0.987	-0.049
0.987	-0.048
0.987	-0.047
0.987	-0.046
0.987	-0.045
0.987	-0.044
0.987	-0.043
0.987	-0.042
0.987	-0.041
0.987	-0.04
0.987	-0.039
0.987	-0.038
0.987	-0.037
0.987	-0.036
0.987	-0.035
0.987	-0.034
0.987	-0.033
0.987	-0.032
0.987	-0.031
0.987	-0.03
0.987	-0.029
0.987	-0.028
0.987	-0.027
0.987	-0.026
0.987	-0.025
0.987	-0.024
0.987	-0.023
0.987	-0.022
0.987	-0.021
0.987	-0.02
0.987	-0.019
0.987	-0.018
0.987	-0.017
0.987	-0.016
0.987	-0.015
0.987	-0.014
0.987	-0.013
0.987	-0.012
0.987	-0.011
0.987	-0.01
0.987	-0.009
0.987	-0.008
0.987	-0.007
0.987	-0.006
0.987	-0.005
0.987	-0.004
0.987	-0.003
0.987	-0.002
0.987	-0.001
0.987	0.0
0.987	0.001
0.987	0.002
0.987	0.003
0.987	0.004
0.987	0.005
0.987	0.006
0.987	0.007
0.987	0.008
0.987	0.009
0.987	0.01
0.987	0.011
0.987	0.012
0.987	0.013
0.987	0.014
0.987	0.015
0.987	0.016
0.987	0.017
0.987	0.018
0.987	0.019
0.987	0.02
0.987	0.021
0.987	0.022
0.987	0.023
0.987	0.024
0.987	0.025
0.987	0.026
0.987	0.027
0.987	0.028
0.987	0.029
0.987	0.03
0.987	0.031
0.987	0.032
0.987	0.033
0.987	0.034
0.987	0.035
0.987	0.036
0.987	0.037
0.987	0.038
0.987	0.039
0.987	0.04
0.987	0.041
0.987	0.042
0.987	0.043
0.987	0.044
0.987	0.045
0.987	0.046
0.987	0.047
0.987	0.048
0.987	0.049
0.987	0.05
0.987	0.051
0.987	0.052
0.987	0.053
0.987	0.054
0.987	0.055
0.987	0.056
0.987	0.057
0.987	0.058
0.987	0.059
0.987	0.06
0.987	0.061
0.987	0.062
0.987	0.063
0.987	0.064
0.987	0.065
0.987	0.066
0.987	0.067
0.987	0.068
0.987	0.069
0.987	0.07
0.987	0.071
0.987	0.072
0.987	0.073
0.987	0.074
0.987	0.075
0.987	0.076
0.987	0.077
0.987	0.078
0.987	0.079
0.987	0.08
0.987	0.081
0.987	0.082
0.987	0.083
0.987	0.084
0.987	0.085
0.987	0.086
0.987	0.087
0.987	0.088
0.987	0.089
0.987	0.09
0.987	0.091
0.987	0.092
0.987	0.093
0.987	0.094
0.987	0.095
0.987	0.096
0.987	0.097
0.987	0.098
0.987	0.099
0.987	0.1
0.987	0.101
0.987	0.102
0.987	0.103
0.987	0.104
0.987	0.105
0.987	0.106
0.987	0.107
0.987	0.108
0.987	0.109
0.987	0.11
0.987	0.111
0.987	0.112
0.987	0.113
0.987	0.114
0.987	0.115
0.987	0.116
0.987	0.117
0.987	0.118
0.987	0.119
0.987	0.12
