-1.0	-0.005
-1.0	-0.004
-1.0	-0.003
-1.0	-0.002
-1.0	-0.001
-1.0	0.0
-1.0	0.001
-1.0	0.002
-1.0	0.003
-1.0	0.004
-1.0	0.005
-0.999	-0.013
-0.999	-0.012
-0.999	-0.011
-0.999	-0.01
-0.999	-0.009
-0.999	-0.008
-0.999	-0.007
-0.999	-0.006
-0.999	-0.005
-0.999	0.005
-0.999	0.006
-0.999	0.007
-0.999	0.008
-0.999	0.009
-0.999	0.01
-0.999	0.011
-0.999	0.012
-0.999	0.013
-0.998	-0.022
-0.998	-0.021
-0.998	-0.02
-0.998	-0.019
-0.998	-0.018
-0.998	-0.017
-0.998	-0.016
-0.998	-0.015
-0.998	-0.014
-0.998	0.013
-0.998	0.014
-0.998	0.015
-0.998	0.016
-0.998	0.017
-0.998	0.018
-0.998	0.019
-0.998	0.02
-0.998	0.021
-0.998	0.022
-0.998	0.023
-0.997	-0.031
-0.997	-0.03
-0.997	-0.029
-0.997	-0.028
-0.997	-0.027
-0.997	-0.026
-0.997	-0.025
-0.997	-0.024
-0.997	-0.023
-0.997	0.022
-0.997	0.023
-0.997	0.024
-0.997	0.025
-0.997	0.026
-0.997	0.027
-0.997	0.028
-0.997	0.029
-0.997	0.03
-0.997	0.031
-0.997	0.032
-0.996	-0.041
-0.996	-0.04
-0.996	-0.039
-0.996	-0.038
-0.996	-0.037
-0.996	-0.036
-0.996	-0.035
-0.996	-0.034
-0.996	-0.033
-0.996	-0.032
-0.996	-0.031
-0.996	0.032
-0.996	0.033
-0.996	0.034
-0.996	0.035
-0.996	0.036
-0.996	0.037
-0.996	0.038
-0.996	0.039
-0.996	0.04
-0.995	-0.049
-0.995	-0.048
-0.995	-0.047
-0.995	-0.046
-0.995	-0.045
-0.995	-0.044
-0.995	-0.043
-0.995	-0.042
-0.995	-0.041
-0.995	-0.04
-0.995	0.04
-0.995	0.041
-0.995	0.042
-0.995	0.043
-0.995	0.044
-0.995	0.045
-0.995	0.046
-0.995	0.047
-0.995	0.048
-0.995	0.049
-0.994	-0.059
-0.994	-0.058
-0.994	-0.057
-0.994	-0.056
-0.994	-0.055
-0.994	-0.054
-0.994	-0.053
-0.994	-0.052
-0.994	-0.051
-0.994	-0.05
-0.994	0.049
-0.994	0.05
-0.994	0.051
-0.994	0.052
-0.994	0.053
-0.994	0.054
-0.994	0.055
-0.994	0.056
-0.994	0.057
-0.994	0.058
-0.993	-0.068
-0.993	-0.067
-0.993	-0.066
-0.993	-0.065
-0.993	-0.064
-0.993	-0.063
-0.993	-0.062
-0.993	-0.061
-0.993	-0.06
-0.993	-0.059
-0.993	0.058
-0.993	0.059
-0.993	0.06
-0.993	0.061
-0.993	0.062
-0.993	0.063
-0.993	0.064
-0.993	0.065
-0.993	0.066
-0.993	0.067
-0.992	-0.077
-0.992	-0.076
-0.992	-0.075
-0.992	-0.074
-0.992	-0.073
-0.992	-0.072
-0.992	-0.071
-0.992	-0.07
-0.992	-0.069
-0.992	-0.068
-0.992	0.068
-0.992	0.069
-0.992	0.07
-0.992	0.071
-0.992	0.072
-0.992	0.073
-0.992	0.074
-0.992	0.075
-0.992	0.076
-0.992	0.077
-0.991	-0.085
-0.991	-0.084
-0.991	-0.083
-0.991	-0.082
-0.991	-0.081
-0.991	-0.08
-0.991	-0.079
-0.991	-0.078
-0.991	-0.077
-0.991	0.077
-0.991	0.078
-0.991	0.079
-0.991	0.08
-0.991	0.081
-0.991	0.082
-0.991	0.083
-0.991	0.084
-0.991	0.085
-0.99	-0.095
-0.99	-0.094
-0.99	-0.093
-0.99	-0.092
-0.99	-0.091
-0.99	-0.09
-0.99	-0.089
-0.99	-0.088
-0.99	-0.087
-0.99	-0.086
-0.99	0.085
-0.99	0.086
-0.99	0.087
-0.99	0.088
-0.99	0.089
-0.99	0.09
-0.99	0.091
-0.99	0.092
-0.99	0.093
-0.99	0.094
-0.99	0.095
-0.989	-0.103
-0.989	-0.102
-0.989	-0.101
-0.989	-0.1
-0.989	-0.099
-0.989	-0.098
-0.989	-0.097
-0.989	-0.096
-0.989	-0.095
-0.989	-0.094
-0.989	0.094
-0.989	0.095
-0.989	0.096
-0.989	0.097
-0.989	0.098
-0.989	0.099
-0.989	0.1
-0.989	0.101
-0.989	0.102
-0.989	0.103
-0.988	-0.112
-0.988	-0.111
-0.988	-0.11
-0.988	-0.109
-0.988	-0.108
-0.988	-0.107
-0.988	-0.106
-0.988	-0.105
-0.988	-0.104
-0.988	-0.103
-0.988	0.104
-0.988	0.105
-0.988	0.106
-0.988	0.107
-0.988	0.108
-0.988	0.109
-0.988	0.11
-0.988	0.111
-0.988	0.112
-0.987	-0.121
-0.987	-0.12
-0.987	-0.119
-0.987	-0.118
-0.987	-0.117
-0.987	-0.116
-0.987	-0.115
-0.987	-0.114
-0.987	-0.113
-0.987	-0.112
-0.987	0.113
-0.987	0.114
-0.987	0.115
-0.987	0.116
-0.987	0.117
-0.987	0.118
-0.987	0.119
-0.987	0.12
-0.987	0.121
-0.986	-0.13
-0.986	-0.129
-0.986	-0.128
-0.986	-0.127
-0.986	-0.126
-0.986	-0.125
-0.986	-0.124
-0.986	-0.123
-0.986	-0.122
-0.986	-0.121
-0.986	0.121
-0.986	0.122
-0.986	0.123
-0.986	0.124
-0.986	0.125
-0.986	0.126
-0.986	0.127
-0.986	0.128
-0.986	0.129
-0.986	0.13
-0.986	0.131
-0.985	-0.14
-0.985	-0.139
-0.985	-0.138
-0.985	-0.137
-0.985	-0.136
-0.985	-0.135
-0.985	-0.134
-0.985	-0.133
-0.985	-0.132
-0.985	-0.131
-0.985	-0.13
-0.985	0.131
-0.985	0.132
-0.985	0.133
-0.985	0.134
-0.985	0.135
-0.985	0.136
-0.985	0.137
-0.985	0.138
-0.985	0.139
-0.984	-0.148
-0.984	-0.147
-0.984	-0.146
-0.984	-0.145
-0.984	-0.144
-0.984	-0.143
-0.984	-0.142
-0.984	-0.141
-0.984	-0.14
-0.984	-0.139
-0.984	0.139
-0.984	0.14
-0.984	0.141
-0.984	0.142
-0.984	0.143
-0.984	0.144
-0.984	0.145
-0.984	0.146
-0.984	0.147
-0.984	0.148
-0.984	0.149
-0.983	-0.157
-0.983	-0.156
-0.983	-0.155
-0.983	-0.154
-0.983	-0.153
-0.983	-0.152
-0.983	-0.151
-0.983	-0.15
-0.983	-0.149
-0.983	0.149
-0.983	0.15
-0.983	0.151
-0.983	0.152
-0.983	0.153
-0.983	0.154
-0.983	0.155
-0.983	0.156
-0.983	0.157
-0.982	-0.167
-0.982	-0.166
-0.982	-0.165
-0.982	-0.164
-0.982	-0.163
-0.982	-0.162
-0.982	-0.161
-0.982	-0.16
-0.982	-0.159
-0.982	-0.158
-0.982	-0.157
-0.982	0.158
-0.982	0.159
-0.982	0.16
-0.982	0.161
-0.982	0.162
-0.982	0.163
-0.982	0.164
-0.982	0.165
-0.982	0.166
-0.981	-0.176
-0.981	-0.175
-0.981	-0.174
-0.981	-0.173
-0.981	-0.172
-0.981	-0.171
-0.981	-0.17
-0.981	-0.169
-0.981	-0.168
-0.981	-0.167
-0.981	0.166
-0.981	0.167
-0.981	0.168
-0.981	0.169
-0.981	0.17
-0.981	0.171
-0.981	0.172
-0.981	0.173
-0.981	0.174
-0.981	0.175
-0.981	0.176
-0.98	-0.184
-0.98	-0.183
-0.98	-0.182
-0.98	-0.181
-0.98	-0.18
-0.98	-0.179
-0.98	-0.178
-0.98	-0.177
-0.98	-0.176
-0.98	-0.175
-0.98	0.175
-0.98	0.176
-0.98	0.177
-0.98	0.178
-0.98	0.179
-0.98	0.18
-0.98	0.181
-0.98	0.182
-0.98	0.183
-0.98	0.184
-0.979	-0.193
-0.979	-0.192
-0.979	-0.191
-0.979	-0.19
-0.979	-0.189
-0.979	-0.188
-0.979	-0.187
-0.979	-0.186
-0.979	-0.185
-0.979	-0.184
-0.979	0.185
-0.979	0.186
-0.979	0.187
-0.979	0.188
-0.979	0.189
-0.979	0.19
-0.979	0.191
-0.979	0.192
-0.979	0.193
-0.978	-0.201
-0.978	-0.2
-0.978	-0.199
-0.978	-0.198
-0.978	-0.197
-0.978	-0.196
-0.978	-0.195
-0.978	-0.194
-0.978	-0.193
-0.978	0.193
-0.978	0.194
-0.978	0.195
-0.978	0.196
-0.978	0.197
-0.978	0.198
-0.978	0.199
-0.978	0.2
-0.977	-0.204
-0.977	-0.203
-0.977	-0.202
-0.977	-0.201
-0.977	0.201
-0.977	0.202
-0.977	0.203
-0.977	0.204
-0.976	-0.207
-0.976	-0.206
-0.976	-0.205
-0.976	-0.204
-0.976	0.204
-0.976	0.205
-0.976	0.206
-0.976	0.207
-0.975	-0.209
-0.975	-0.208
-0.975	-0.207
-0.975	0.207
-0.975	0.208
-0.975	0.209
-0.975	0.21
-0.974	-0.212
-0.974	-0.211
-0.974	-0.21
-0.974	0.21
-0.974	0.211
-0.974	0.212
-0.973	-0.216
-0.973	-0.215
-0.973	-0.214
-0.973	-0.213
-0.973	0.213
-0.973	0.214
-0.973	0.215
-0.972	-0.219
-0.972	-0.218
-0.972	-0.217
-0.972	-0.216
-0.972	0.216
-0.972	0.217
-0.972	0.218
-0.972	0.219
-0.971	-0.221
-0.971	-0.22
-0.971	-0.219
-0.971	0.219
-0.971	0.22
-0.971	0.221
-0.971	0.222
-0.97	-0.224
-0.97	-0.223
-0.97	-0.222
-0.97	0.222
-0.97	0.223
-0.97	0.224
-0.969	-0.228
-0.969	-0.227
-0.969	-0.226
-0.969	-0.225
-0.969	0.225
-0.969	0.226
-0.969	0.227
-0.969	0.228
-0.968	-0.23
-0.968	-0.229
-0.968	-0.228
-0.968	0.228
-0.968	0.229
-0.968	0.23
-0.967	-0.233
-0.967	-0.232
-0.967	-0.231
-0.967	0.231
-0.967	0.232
-0.967	0.233
-0.966	-0.236
-0.966	-0.235
-0.966	-0.234
-0.966	0.234
-0.966	0.235
-0.966	0.236
-0.965	-0.24
-0.965	-0.239
-0.965	-0.238
-0.965	-0.237
-0.965	0.237
-0.965	0.238
-0.965	0.239
-0.965	0.24
-0.964	-0.243
-0.964	-0.242
-0.964	-0.241
-0.964	-0.24
-0.964	0.24
-0.964	0.241
-0.964	0.242
-0.963	-0.245
-0.963	-0.244
-0.963	-0.243
-0.963	0.243
-0.963	0.244
-0.963	0.245
-0.962	-0.249
-0.962	-0.248
-0.962	-0.247
-0.962	-0.246
-0.962	0.246
-0.962	0.247
-0.962	0.248
-0.962	0.249
-0.961	-0.251
-0.961	-0.25
-0.961	-0.249
-0.961	0.249
-0.961	0.25
-0.961	0.251
-0.961	0.252
-0.96	-0.255
-0.96	-0.254
-0.96	-0.253
-0.96	-0.252
-0.96	0.252
-0.96	0.253
-0.96	0.254
-0.959	-0.257
-0.959	-0.256
-0.959	-0.255
-0.959	0.255
-0.959	0.256
-0.959	0.257
-0.958	-0.26
-0.958	-0.259
-0.958	-0.258
-0.958	0.258
-0.958	0.259
-0.958	0.26
-0.957	-0.264
-0.957	-0.263
-0.957	-0.262
-0.957	-0.261
-0.957	0.261
-0.957	0.262
-0.957	0.263
-0.957	0.264
-0.956	-0.267
-0.956	-0.266
-0.956	-0.265
-0.956	-0.264
-0.956	0.264
-0.956	0.265
-0.956	0.266
-0.956	0.267
-0.955	-0.269
-0.955	-0.268
-0.955	-0.267
-0.955	0.267
-0.955	0.268
-0.955	0.269
-0.955	0.27
-0.954	-0.272
-0.954	-0.271
-0.954	-0.27
-0.954	0.27
-0.954	0.271
-0.954	0.272
-0.954	0.273
-0.953	-0.276
-0.953	-0.275
-0.953	-0.274
-0.953	-0.273
-0.953	0.273
-0.953	0.274
-0.953	0.275
-0.952	-0.279
-0.952	-0.278
-0.952	-0.277
-0.952	-0.276
-0.952	0.276
-0.952	0.277
-0.952	0.278
-0.951	-0.281
-0.951	-0.28
-0.951	-0.279
-0.951	0.279
-0.951	0.28
-0.951	0.281
-0.95	-0.285
-0.95	-0.284
-0.95	-0.283
-0.95	-0.282
-0.95	0.282
-0.95	0.283
-0.95	0.284
-0.949	-0.287
-0.949	-0.286
-0.949	-0.285
-0.949	0.285
-0.949	0.286
-0.949	0.287
-0.948	-0.291
-0.948	-0.29
-0.948	-0.289
-0.948	-0.288
-0.948	0.288
-0.948	0.289
-0.948	0.29
-0.948	0.291
-0.947	-0.293
-0.947	-0.292
-0.947	-0.291
-0.947	0.291
-0.947	0.292
-0.947	0.293
-0.946	-0.297
-0.946	-0.296
-0.946	-0.295
-0.946	-0.294
-0.946	0.294
-0.946	0.295
-0.946	0.296
-0.946	0.297
-0.945	-0.3
-0.945	-0.299
-0.945	-0.298
-0.945	-0.297
-0.945	0.297
-0.945	0.298
-0.945	0.299
-0.944	-0.303
-0.944	-0.302
-0.944	-0.301
-0.944	-0.3
-0.944	0.3
-0.944	0.301
-0.944	0.302
-0.943	-0.305
-0.943	-0.304
-0.943	-0.303
-0.943	0.303
-0.943	0.304
-0.943	0.305
-0.943	0.306
-0.942	-0.309
-0.942	-0.308
-0.942	-0.307
-0.942	-0.306
-0.942	0.306
-0.942	0.307
-0.942	0.308
-0.942	0.309
-0.941	-0.312
-0.941	-0.311
-0.941	-0.31
-0.941	-0.309
-0.941	0.309
-0.941	0.31
-0.941	0.311
-0.941	0.312
-0.94	-0.314
-0.94	-0.313
-0.94	-0.312
-0.94	0.312
-0.94	0.313
-0.94	0.314
-0.939	-0.317
-0.939	-0.316
-0.939	-0.315
-0.939	0.315
-0.939	0.316
-0.939	0.317
-0.938	-0.32
-0.938	-0.319
-0.938	-0.318
-0.938	0.318
-0.938	0.319
-0.938	0.32
-0.937	-0.323
-0.937	-0.322
-0.937	-0.321
-0.937	0.321
-0.937	0.322
-0.937	0.323
-0.936	-0.327
-0.936	-0.326
-0.936	-0.325
-0.936	-0.324
-0.936	0.324
-0.936	0.325
-0.936	0.326
-0.935	-0.329
-0.935	-0.328
-0.935	-0.327
-0.935	0.327
-0.935	0.328
-0.935	0.329
-0.935	0.33
-0.934	-0.332
-0.934	-0.331
-0.934	-0.33
-0.934	0.33
-0.934	0.331
-0.934	0.332
-0.934	0.333
-0.933	-0.335
-0.933	-0.334
-0.933	-0.333
-0.933	0.333
-0.933	0.334
-0.933	0.335
-0.932	-0.338
-0.932	-0.337
-0.932	-0.336
-0.932	0.336
-0.932	0.337
-0.932	0.338
-0.931	-0.341
-0.931	-0.34
-0.931	-0.339
-0.931	0.339
-0.931	0.34
-0.931	0.341
-0.93	-0.344
-0.93	-0.343
-0.93	-0.342
-0.93	0.342
-0.93	0.343
-0.93	0.344
-0.929	-0.348
-0.929	-0.347
-0.929	-0.346
-0.929	-0.345
-0.929	0.345
-0.929	0.346
-0.929	0.347
-0.929	0.348
-0.928	-0.35
-0.928	-0.349
-0.928	-0.348
-0.928	0.348
-0.928	0.349
-0.928	0.35
-0.928	0.351
-0.927	-0.353
-0.927	-0.352
-0.927	-0.351
-0.927	0.351
-0.927	0.352
-0.927	0.353
-0.926	-0.356
-0.926	-0.355
-0.926	-0.354
-0.926	0.354
-0.926	0.355
-0.926	0.356
-0.925	-0.36
-0.925	-0.359
-0.925	-0.358
-0.925	-0.357
-0.925	0.357
-0.925	0.358
-0.925	0.359
-0.925	0.36
-0.924	-0.363
-0.924	-0.362
-0.924	-0.361
-0.924	-0.36
-0.924	0.36
-0.924	0.361
-0.924	0.362
-0.924	0.363
-0.923	-0.366
-0.923	-0.365
-0.923	-0.364
-0.923	-0.363
-0.923	0.363
-0.923	0.364
-0.923	0.365
-0.923	0.366
-0.922	-0.368
-0.922	-0.367
-0.922	-0.366
-0.922	0.366
-0.922	0.367
-0.922	0.368
-0.921	-0.372
-0.921	-0.371
-0.921	-0.37
-0.921	-0.369
-0.921	0.369
-0.921	0.37
-0.921	0.371
-0.921	0.372
-0.92	-0.375
-0.92	-0.374
-0.92	-0.373
-0.92	-0.372
-0.92	0.372
-0.92	0.373
-0.92	0.374
-0.919	-0.377
-0.919	-0.376
-0.919	-0.375
-0.919	0.375
-0.919	0.376
-0.919	0.377
-0.918	-0.38
-0.918	-0.379
-0.918	-0.378
-0.918	0.378
-0.918	0.379
-0.918	0.38
-0.917	-0.383
-0.917	-0.382
-0.917	-0.381
-0.917	0.381
-0.917	0.382
-0.917	0.383
-0.916	-0.387
-0.916	-0.386
-0.916	-0.385
-0.916	-0.384
-0.916	0.384
-0.916	0.385
-0.916	0.386
-0.916	0.387
-0.915	-0.389
-0.915	-0.388
-0.915	-0.387
-0.915	0.387
-0.915	0.388
-0.915	0.389
-0.915	0.39
-0.914	-0.392
-0.914	-0.391
-0.914	-0.39
-0.914	0.39
-0.914	0.391
-0.914	0.392
-0.914	0.393
-0.913	-0.396
-0.913	-0.395
-0.913	-0.394
-0.913	-0.393
-0.913	0.393
-0.913	0.394
-0.913	0.395
-0.912	-0.398
-0.912	-0.397
-0.912	-0.396
-0.912	0.396
-0.912	0.397
-0.912	0.398
-0.911	-0.401
-0.911	-0.4
-0.911	-0.399
-0.911	0.399
-0.911	0.4
-0.911	0.401
-0.91	-0.402
-0.91	0.401
-0.91	0.402
-0.909	-0.404
-0.909	-0.403
-0.909	0.403
-0.909	0.404
-0.908	-0.406
-0.908	-0.405
-0.908	0.405
-0.908	0.406
-0.907	-0.408
-0.907	-0.407
-0.907	0.407
-0.907	0.408
-0.906	-0.41
-0.906	-0.409
-0.906	0.409
-0.906	0.41
-0.905	-0.411
-0.905	-0.41
-0.905	0.41
-0.905	0.411
-0.905	0.412
-0.904	-0.413
-0.904	-0.412
-0.904	0.412
-0.904	0.413
-0.903	-0.415
-0.903	-0.414
-0.903	0.414
-0.903	0.415
-0.902	-0.417
-0.902	-0.416
-0.902	0.416
-0.902	0.417
-0.901	-0.419
-0.901	-0.418
-0.901	0.418
-0.901	0.419
-0.9	-0.42
-0.9	-0.419
-0.9	0.419
-0.9	0.42
-0.899	-0.422
-0.899	-0.421
-0.899	0.421
-0.899	0.422
-0.898	-0.424
-0.898	-0.423
-0.898	0.423
-0.898	0.424
-0.897	-0.426
-0.897	-0.425
-0.897	0.425
-0.897	0.426
-0.896	-0.428
-0.896	-0.427
-0.896	0.427
-0.896	0.428
-0.895	-0.43
-0.895	-0.429
-0.895	0.429
-0.895	0.43
-0.894	-0.431
-0.894	-0.43
-0.894	0.43
-0.894	0.431
-0.893	-0.433
-0.893	-0.432
-0.893	0.432
-0.893	0.433
-0.892	-0.435
-0.892	-0.434
-0.892	0.434
-0.892	0.435
-0.891	-0.437
-0.891	-0.436
-0.891	0.436
-0.891	0.437
-0.89	-0.438
-0.89	-0.437
-0.89	0.437
-0.89	0.438
-0.889	-0.44
-0.889	-0.439
-0.889	0.439
-0.889	0.44
-0.888	-0.442
-0.888	-0.441
-0.888	0.441
-0.888	0.442
-0.887	-0.444
-0.887	-0.443
-0.887	0.443
-0.887	0.444
-0.886	-0.446
-0.886	-0.445
-0.886	0.445
-0.886	0.446
-0.885	-0.448
-0.885	-0.447
-0.885	0.447
-0.885	0.448
-0.884	-0.449
-0.884	-0.448
-0.884	0.448
-0.884	0.449
-0.883	-0.451
-0.883	-0.45
-0.883	0.45
-0.883	0.451
-0.882	-0.453
-0.882	-0.452
-0.882	0.452
-0.882	0.453
-0.881	-0.455
-0.881	-0.454
-0.881	0.454
-0.881	0.455
-0.88	-0.457
-0.88	-0.456
-0.88	0.455
-0.88	0.456
-0.879	-0.458
-0.879	-0.457
-0.879	0.457
-0.879	0.458
-0.878	-0.46
-0.878	-0.459
-0.878	0.459
-0.878	0.46
-0.877	-0.462
-0.877	-0.461
-0.877	0.461
-0.877	0.462
-0.876	-0.464
-0.876	-0.463
-0.876	0.463
-0.876	0.464
-0.875	-0.466
-0.875	-0.465
-0.875	-0.464
-0.875	0.464
-0.875	0.465
-0.875	0.466
-0.874	-0.467
-0.874	-0.466
-0.874	0.466
-0.874	0.467
-0.873	-0.469
-0.873	-0.468
-0.873	0.468
-0.873	0.469
-0.872	-0.471
-0.872	-0.47
-0.872	0.47
-0.872	0.471
-0.871	-0.473
-0.871	-0.472
-0.871	0.472
-0.871	0.473
-0.87	-0.474
-0.87	-0.473
-0.87	0.473
-0.87	0.474
-0.869	-0.476
-0.869	-0.475
-0.869	0.475
-0.869	0.476
-0.868	-0.478
-0.868	-0.477
-0.868	0.477
-0.868	0.478
-0.867	-0.48
-0.867	-0.479
-0.867	0.479
-0.867	0.48
-0.866	-0.482
-0.866	-0.481
-0.866	0.481
-0.866	0.482
-0.865	-0.483
-0.865	-0.482
-0.865	0.482
-0.865	0.483
-0.864	-0.485
-0.864	-0.484
-0.864	0.484
-0.864	0.485
-0.863	-0.487
-0.863	-0.486
-0.863	0.486
-0.863	0.487
-0.862	-0.489
-0.862	-0.488
-0.862	0.488
-0.862	0.489
-0.861	-0.491
-0.861	-0.49
-0.861	0.49
-0.861	0.491
-0.86	-0.493
-0.86	-0.492
-0.86	-0.491
-0.86	0.492
-0.86	0.493
-0.859	-0.494
-0.859	-0.493
-0.859	0.493
-0.859	0.494
-0.858	-0.496
-0.858	-0.495
-0.858	0.495
-0.858	0.496
-0.857	-0.498
-0.857	-0.497
-0.857	0.497
-0.857	0.498
-0.856	-0.5
-0.856	-0.499
-0.856	0.499
-0.856	0.5
-0.855	-0.502
-0.855	-0.501
-0.855	-0.5
-0.855	0.5
-0.855	0.501
-0.854	-0.503
-0.854	-0.502
-0.854	0.502
-0.854	0.503
-0.853	-0.505
-0.853	-0.504
-0.853	0.504
-0.853	0.505
-0.852	-0.507
-0.852	-0.506
-0.852	0.506
-0.852	0.507
-0.851	-0.509
-0.851	-0.508
-0.851	0.508
-0.851	0.509
-0.85	-0.51
-0.85	-0.509
-0.85	0.509
-0.85	0.51
-0.85	0.511
-0.849	-0.512
-0.849	-0.511
-0.849	0.511
-0.849	0.512
-0.848	-0.514
-0.848	-0.513
-0.848	0.513
-0.848	0.514
-0.847	-0.516
-0.847	-0.515
-0.847	0.515
-0.847	0.516
-0.846	-0.518
-0.846	-0.517
-0.846	0.517
-0.846	0.518
-0.845	-0.519
-0.845	0.518
-0.845	0.519
-0.844	-0.521
-0.844	-0.52
-0.844	0.52
-0.844	0.521
-0.843	-0.523
-0.843	-0.522
-0.843	0.522
-0.843	0.523
-0.842	-0.525
-0.842	-0.524
-0.842	0.524
-0.842	0.525
-0.841	-0.527
-0.841	-0.526
-0.841	0.526
-0.841	0.527
-0.84	-0.529
-0.84	-0.528
-0.84	0.528
-0.84	0.529
-0.839	-0.53
-0.839	-0.529
-0.839	0.529
-0.839	0.53
-0.838	-0.532
-0.838	-0.531
-0.838	0.531
-0.838	0.532
-0.837	-0.534
-0.837	-0.533
-0.837	0.533
-0.837	0.534
-0.836	-0.536
-0.836	-0.535
-0.836	0.535
-0.836	0.536
-0.835	-0.537
-0.835	-0.536
-0.835	0.536
-0.835	0.537
-0.834	-0.539
-0.834	-0.538
-0.834	0.538
-0.834	0.539
-0.833	-0.541
-0.833	-0.54
-0.833	0.54
-0.833	0.541
-0.832	-0.543
-0.832	-0.542
-0.832	0.542
-0.832	0.543
-0.831	-0.545
-0.831	-0.544
-0.831	0.544
-0.831	0.545
-0.83	-0.546
-0.83	-0.545
-0.83	0.545
-0.83	0.546
-0.83	0.547
-0.829	-0.548
-0.829	-0.547
-0.829	0.547
-0.829	0.548
-0.828	-0.55
-0.828	-0.549
-0.828	0.549
-0.828	0.55
-0.827	-0.552
-0.827	-0.551
-0.827	0.551
-0.827	0.552
-0.826	-0.554
-0.826	-0.553
-0.826	0.553
-0.826	0.554
-0.825	-0.555
-0.825	-0.554
-0.825	0.555
-0.824	-0.557
-0.824	-0.556
-0.824	0.556
-0.824	0.557
-0.823	-0.559
-0.823	-0.558
-0.823	0.558
-0.823	0.559
-0.822	-0.561
-0.822	-0.56
-0.822	0.56
-0.822	0.561
-0.821	-0.563
-0.821	-0.562
-0.821	0.562
-0.821	0.563
-0.82	-0.565
-0.82	-0.564
-0.82	0.563
-0.82	0.564
-0.82	0.565
-0.819	-0.566
-0.819	-0.565
-0.819	0.565
-0.819	0.566
-0.818	-0.568
-0.818	-0.567
-0.818	0.567
-0.818	0.568
-0.817	-0.57
-0.817	-0.569
-0.817	0.569
-0.817	0.57
-0.816	-0.572
-0.816	-0.571
-0.816	0.571
-0.816	0.572
-0.815	-0.574
-0.815	-0.573
-0.815	-0.572
-0.815	0.573
-0.814	-0.575
-0.814	-0.574
-0.814	0.574
-0.814	0.575
-0.813	-0.577
-0.813	-0.576
-0.813	0.576
-0.813	0.577
-0.812	-0.579
-0.812	-0.578
-0.812	0.578
-0.812	0.579
-0.811	-0.581
-0.811	-0.58
-0.811	0.58
-0.811	0.581
-0.81	-0.582
-0.81	-0.581
-0.81	0.581
-0.81	0.582
-0.809	-0.584
-0.809	-0.583
-0.809	0.583
-0.809	0.584
-0.808	-0.586
-0.808	-0.585
-0.808	0.585
-0.808	0.586
-0.807	-0.588
-0.807	-0.587
-0.807	0.587
-0.807	0.588
-0.806	-0.59
-0.806	-0.589
-0.806	0.589
-0.806	0.59
-0.805	-0.591
-0.805	0.591
-0.805	0.592
-0.804	-0.593
-0.804	-0.592
-0.804	0.592
-0.804	0.593
-0.803	-0.595
-0.803	-0.594
-0.803	0.594
-0.803	0.595
-0.802	-0.597
-0.802	-0.596
-0.802	0.596
-0.802	0.597
-0.801	-0.599
-0.801	-0.598
-0.801	0.598
-0.801	0.599
-0.8	-0.6
-0.8	-0.599
-0.8	0.6
-0.799	-0.601
-0.799	0.601
-0.798	-0.602
-0.798	0.602
-0.797	-0.603
-0.797	0.603
-0.796	-0.604
-0.796	0.604
-0.795	-0.605
-0.795	0.605
-0.794	-0.606
-0.794	0.606
-0.793	-0.607
-0.793	0.607
-0.792	-0.608
-0.792	0.608
-0.791	-0.609
-0.791	0.609
-0.79	-0.61
-0.79	0.61
-0.789	-0.611
-0.789	0.611
-0.788	-0.612
-0.788	0.612
-0.787	-0.613
-0.787	0.613
-0.786	-0.614
-0.786	0.614
-0.785	-0.615
-0.785	0.615
-0.784	-0.616
-0.784	0.616
-0.783	-0.617
-0.783	0.617
-0.782	-0.618
-0.782	0.618
-0.781	-0.619
-0.781	0.619
-0.78	-0.62
-0.78	0.62
-0.779	-0.621
-0.779	0.621
-0.778	-0.622
-0.778	0.622
-0.777	-0.623
-0.777	0.623
-0.776	-0.624
-0.776	0.624
-0.775	-0.625
-0.775	0.625
-0.774	-0.626
-0.774	0.626
-0.773	-0.627
-0.773	0.627
-0.772	-0.628
-0.772	0.628
-0.771	-0.629
-0.771	0.629
-0.77	-0.63
-0.77	0.63
-0.769	-0.631
-0.769	0.631
-0.768	-0.632
-0.768	0.632
-0.767	-0.633
-0.767	0.633
-0.766	-0.634
-0.766	0.634
-0.765	-0.635
-0.765	0.635
-0.764	-0.636
-0.764	0.636
-0.763	-0.637
-0.763	0.637
-0.762	-0.638
-0.762	0.638
-0.761	-0.639
-0.761	0.639
-0.76	-0.64
-0.76	0.64
-0.759	-0.641
-0.759	0.641
-0.758	-0.642
-0.758	0.642
-0.757	-0.643
-0.757	0.643
-0.756	-0.644
-0.756	0.644
-0.755	-0.645
-0.755	0.645
-0.754	-0.646
-0.754	0.646
-0.753	-0.647
-0.753	0.647
-0.752	-0.648
-0.752	0.648
-0.751	-0.649
-0.751	0.649
-0.75	-0.65
-0.75	0.65
-0.749	-0.651
-0.749	0.651
-0.748	-0.652
-0.748	0.652
-0.747	-0.653
-0.747	0.653
-0.746	-0.654
-0.746	0.654
-0.745	-0.655
-0.745	0.655
-0.744	-0.656
-0.744	0.656
-0.743	-0.657
-0.743	0.657
-0.742	-0.658
-0.742	0.658
-0.741	-0.659
-0.741	0.659
-0.74	-0.66
-0.74	0.66
-0.739	-0.661
-0.739	0.661
-0.738	-0.662
-0.738	0.662
-0.737	-0.663
-0.737	0.663
-0.736	-0.664
-0.736	0.664
-0.735	-0.665
-0.735	0.665
-0.734	-0.666
-0.734	0.666
-0.733	-0.667
-0.733	0.667
-0.732	-0.668
-0.732	0.668
-0.731	-0.669
-0.731	0.669
-0.73	-0.67
-0.73	0.67
-0.729	-0.671
-0.729	0.671
-0.728	-0.672
-0.728	0.672
-0.727	-0.673
-0.727	0.673
-0.726	-0.674
-0.726	0.674
-0.725	-0.675
-0.725	0.675
-0.724	-0.676
-0.724	0.676
-0.723	-0.677
-0.723	0.677
-0.722	-0.678
-0.722	0.678
-0.721	-0.679
-0.721	0.679
-0.72	-0.68
-0.72	0.68
-0.719	-0.681
-0.719	0.681
-0.718	-0.682
-0.718	0.682
-0.717	-0.683
-0.717	0.683
-0.716	-0.684
-0.716	0.684
-0.715	-0.685
-0.715	0.685
-0.714	-0.686
-0.714	0.686
-0.713	-0.687
-0.713	0.687
-0.712	-0.688
-0.712	0.688
-0.711	-0.689
-0.711	0.689
-0.71	-0.69
-0.71	0.69
-0.709	-0.691
-0.709	0.691
-0.708	-0.692
-0.708	0.692
-0.707	-0.693
-0.707	0.693
-0.706	-0.694
-0.706	0.694
-0.705	-0.695
-0.705	0.695
-0.704	-0.696
-0.704	0.696
-0.703	-0.697
-0.703	0.697
-0.702	-0.698
-0.702	0.698
-0.701	-0.699
-0.701	0.699
-0.7	-0.7
-0.7	0.7
-0.699	-0.701
-0.699	0.701
-0.698	-0.702
-0.698	0.702
-0.697	-0.703
-0.697	0.703
-0.696	-0.704
-0.696	0.704
-0.695	-0.705
-0.695	0.705
-0.694	-0.706
-0.694	0.706
-0.693	-0.707
-0.693	0.707
-0.692	-0.708
-0.692	0.708
-0.691	-0.709
-0.691	0.709
-0.69	-0.71
-0.69	0.71
-0.689	-0.711
-0.689	0.711
-0.688	-0.712
-0.688	0.712
-0.687	-0.713
-0.687	0.713
-0.686	-0.714
-0.686	0.714
-0.685	-0.715
-0.685	0.715
-0.684	-0.716
-0.684	0.716
-0.683	-0.717
-0.683	0.717
-0.682	-0.718
-0.682	0.718
-0.681	-0.719
-0.681	0.719
-0.68	-0.72
-0.68	0.72
-0.679	-0.721
-0.679	0.721
-0.678	-0.722
-0.678	0.722
-0.677	-0.723
-0.677	0.723
-0.676	-0.724
-0.676	0.724
-0.675	-0.725
-0.675	0.725
-0.674	-0.726
-0.674	0.726
-0.673	-0.727
-0.673	0.727
-0.672	-0.728
-0.672	0.728
-0.671	-0.729
-0.671	0.729
-0.67	-0.73
-0.67	0.73
-0.669	-0.731
-0.669	0.731
-0.668	-0.732
-0.668	0.732
-0.667	-0.733
-0.667	0.733
-0.666	-0.734
-0.666	0.734
-0.665	-0.735
-0.665	0.735
-0.664	-0.736
-0.664	0.736
-0.663	-0.737
-0.663	0.737
-0.662	-0.738
-0.662	0.738
-0.661	-0.739
-0.661	0.739
-0.66	-0.74
-0.66	0.74
-0.659	-0.741
-0.659	0.741
-0.658	-0.742
-0.658	0.742
-0.657	-0.743
-0.657	0.743
-0.656	-0.744
-0.656	0.744
-0.655	-0.745
-0.655	0.745
-0.654	-0.746
-0.654	0.746
-0.653	-0.747
-0.653	0.747
-0.652	-0.748
-0.652	0.748
-0.651	-0.749
-0.651	0.749
-0.65	-0.75
-0.65	0.75
-0.649	-0.751
-0.649	0.751
-0.648	-0.752
-0.648	0.752
-0.647	-0.753
-0.647	0.753
-0.646	-0.754
-0.646	0.754
-0.645	-0.755
-0.645	0.755
-0.644	-0.756
-0.644	0.756
-0.643	-0.757
-0.643	0.757
-0.642	-0.758
-0.642	0.758
-0.641	-0.759
-0.641	0.759
-0.64	-0.76
-0.64	0.76
-0.639	-0.761
-0.639	0.761
-0.638	-0.762
-0.638	0.762
-0.637	-0.763
-0.637	0.763
-0.636	-0.764
-0.636	0.764
-0.635	-0.765
-0.635	0.765
-0.634	-0.766
-0.634	0.766
-0.633	-0.767
-0.633	0.767
-0.632	-0.768
-0.632	0.768
-0.631	-0.769
-0.631	0.769
-0.63	-0.77
-0.63	0.77
-0.629	-0.771
-0.629	0.771
-0.628	-0.772
-0.628	0.772
-0.627	-0.773
-0.627	0.773
-0.626	-0.774
-0.626	0.774
-0.625	-0.775
-0.625	0.775
-0.624	-0.776
-0.624	0.776
-0.623	-0.777
-0.623	0.777
-0.622	-0.778
-0.622	0.778
-0.621	-0.779
-0.621	0.779
-0.62	-0.78
-0.62	0.78
-0.619	-0.781
-0.619	0.781
-0.618	-0.782
-0.618	0.782
-0.617	-0.783
-0.617	0.783
-0.616	-0.784
-0.616	0.784
-0.615	-0.785
-0.615	0.785
-0.614	-0.786
-0.614	0.786
-0.613	-0.787
-0.613	0.787
-0.612	-0.788
-0.612	0.788
-0.611	-0.789
-0.611	0.789
-0.61	-0.79
-0.61	0.79
-0.609	-0.791
-0.609	0.791
-0.608	-0.792
-0.608	0.792
-0.607	-0.793
-0.607	0.793
-0.606	-0.794
-0.606	0.794
-0.605	-0.795
-0.605	0.795
-0.604	-0.796
-0.604	0.796
-0.603	-0.797
-0.603	0.797
-0.602	-0.798
-0.602	0.798
-0.601	-0.799
-0.601	0.799
-0.6	-0.8
-0.6	0.8
-0.599	-0.801
-0.599	-0.8
-0.599	0.8
-0.599	0.801
-0.598	-0.801
-0.598	0.801
-0.597	-0.802
-0.597	0.802
-0.596	-0.802
-0.596	0.802
-0.595	-0.803
-0.595	0.803
-0.594	-0.803
-0.594	0.803
-0.593	-0.804
-0.593	0.804
-0.592	-0.804
-0.592	0.804
-0.592	0.805
-0.591	-0.805
-0.591	0.805
-0.59	-0.806
-0.59	0.806
-0.589	-0.806
-0.589	0.806
-0.588	-0.807
-0.588	0.807
-0.587	-0.807
-0.587	0.807
-0.586	-0.808
-0.586	0.808
-0.585	-0.808
-0.585	0.808
-0.584	-0.809
-0.584	0.809
-0.583	-0.809
-0.583	0.809
-0.583	0.81
-0.582	-0.81
-0.582	0.81
-0.581	-0.811
-0.581	-0.81
-0.581	0.811
-0.58	-0.811
-0.58	0.811
-0.579	-0.812
-0.579	0.812
-0.578	-0.812
-0.578	0.812
-0.577	-0.813
-0.577	0.813
-0.576	-0.813
-0.576	0.813
-0.575	-0.814
-0.575	0.814
-0.574	-0.815
-0.574	-0.814
-0.574	0.814
-0.573	-0.815
-0.573	0.815
-0.572	-0.816
-0.572	-0.815
-0.572	0.815
-0.572	0.816
-0.571	-0.816
-0.571	0.816
-0.57	-0.817
-0.57	0.817
-0.569	-0.817
-0.569	0.817
-0.568	-0.818
-0.568	0.818
-0.567	-0.818
-0.567	0.818
-0.566	-0.819
-0.566	0.819
-0.565	-0.82
-0.565	-0.819
-0.565	0.819
-0.564	-0.82
-0.564	0.82
-0.563	-0.821
-0.563	0.82
-0.563	0.821
-0.562	-0.821
-0.562	0.821
-0.561	-0.822
-0.561	0.822
-0.56	-0.822
-0.56	0.822
-0.559	-0.823
-0.559	0.823
-0.558	-0.823
-0.558	0.823
-0.557	-0.824
-0.557	0.824
-0.556	-0.824
-0.556	0.824
-0.555	-0.825
-0.555	0.825
-0.554	-0.826
-0.554	-0.825
-0.554	0.825
-0.554	0.826
-0.553	-0.826
-0.553	0.826
-0.552	-0.827
-0.552	0.827
-0.551	-0.827
-0.551	0.827
-0.55	-0.828
-0.55	0.828
-0.549	-0.828
-0.549	0.828
-0.548	-0.829
-0.548	0.829
-0.547	-0.829
-0.547	0.829
-0.547	0.83
-0.546	-0.83
-0.546	0.83
-0.545	-0.831
-0.545	-0.83
-0.545	0.831
-0.544	-0.831
-0.544	0.831
-0.543	-0.832
-0.543	0.832
-0.542	-0.832
-0.542	0.832
-0.541	-0.833
-0.541	0.833
-0.54	-0.833
-0.54	0.833
-0.539	-0.834
-0.539	0.834
-0.538	-0.834
-0.538	0.834
-0.537	-0.835
-0.537	0.835
-0.536	-0.836
-0.536	-0.835
-0.536	0.835
-0.536	0.836
-0.535	-0.836
-0.535	0.836
-0.534	-0.837
-0.534	0.837
-0.533	-0.837
-0.533	0.837
-0.532	-0.838
-0.532	0.838
-0.531	-0.838
-0.531	0.838
-0.53	-0.839
-0.53	0.839
-0.529	-0.84
-0.529	-0.839
-0.529	0.839
-0.528	-0.84
-0.528	0.84
-0.527	-0.841
-0.527	0.84
-0.527	0.841
-0.526	-0.841
-0.526	0.841
-0.525	-0.842
-0.525	0.842
-0.524	-0.842
-0.524	0.842
-0.523	-0.843
-0.523	0.843
-0.522	-0.843
-0.522	0.843
-0.521	-0.844
-0.521	0.844
-0.52	-0.844
-0.52	0.844
-0.519	-0.845
-0.519	0.845
-0.518	-0.846
-0.518	0.845
-0.518	0.846
-0.517	-0.846
-0.517	0.846
-0.516	-0.847
-0.516	0.847
-0.515	-0.847
-0.515	0.847
-0.514	-0.848
-0.514	0.848
-0.513	-0.848
-0.513	0.848
-0.512	-0.849
-0.512	0.849
-0.511	-0.849
-0.511	0.849
-0.511	0.85
-0.51	-0.85
-0.51	0.85
-0.509	-0.851
-0.509	-0.85
-0.509	0.851
-0.508	-0.851
-0.508	0.851
-0.507	-0.852
-0.507	0.852
-0.506	-0.852
-0.506	0.852
-0.505	-0.853
-0.505	0.853
-0.504	-0.853
-0.504	0.853
-0.503	-0.854
-0.503	0.854
-0.502	-0.855
-0.502	-0.854
-0.502	0.854
-0.502	0.855
-0.501	-0.855
-0.501	0.855
-0.5	-0.856
-0.5	-0.855
-0.5	0.856
-0.499	-0.856
-0.499	0.856
-0.498	-0.857
-0.498	0.857
-0.497	-0.857
-0.497	0.857
-0.496	-0.858
-0.496	0.858
-0.495	-0.858
-0.495	0.858
-0.494	-0.859
-0.494	0.859
-0.493	-0.86
-0.493	-0.859
-0.493	0.859
-0.492	-0.86
-0.492	0.86
-0.491	-0.861
-0.491	-0.86
-0.491	0.86
-0.491	0.861
-0.49	-0.861
-0.49	0.861
-0.489	-0.862
-0.489	0.862
-0.488	-0.862
-0.488	0.862
-0.487	-0.863
-0.487	0.863
-0.486	-0.863
-0.486	0.863
-0.485	-0.864
-0.485	0.864
-0.484	-0.864
-0.484	0.864
-0.484	0.865
-0.483	-0.865
-0.483	0.865
-0.482	-0.866
-0.482	-0.865
-0.482	0.866
-0.481	-0.866
-0.481	0.866
-0.48	-0.867
-0.48	0.867
-0.479	-0.867
-0.479	0.867
-0.478	-0.868
-0.478	0.868
-0.477	-0.868
-0.477	0.868
-0.476	-0.869
-0.476	0.869
-0.475	-0.869
-0.475	0.869
-0.475	0.87
-0.474	-0.87
-0.474	0.87
-0.473	-0.871
-0.473	-0.87
-0.473	0.871
-0.472	-0.871
-0.472	0.871
-0.471	-0.872
-0.471	0.872
-0.47	-0.872
-0.47	0.872
-0.469	-0.873
-0.469	0.873
-0.468	-0.873
-0.468	0.873
-0.467	-0.874
-0.467	0.874
-0.466	-0.875
-0.466	-0.874
-0.466	0.874
-0.466	0.875
-0.465	-0.875
-0.465	0.875
-0.464	-0.876
-0.464	-0.875
-0.464	0.876
-0.463	-0.876
-0.463	0.876
-0.462	-0.877
-0.462	0.877
-0.461	-0.877
-0.461	0.877
-0.46	-0.878
-0.46	0.878
-0.459	-0.878
-0.459	0.878
-0.458	-0.879
-0.458	0.879
-0.457	-0.88
-0.457	-0.879
-0.457	0.879
-0.456	-0.88
-0.456	0.88
-0.455	-0.881
-0.455	0.88
-0.455	0.881
-0.454	-0.881
-0.454	0.881
-0.453	-0.882
-0.453	0.882
-0.452	-0.882
-0.452	0.882
-0.451	-0.883
-0.451	0.883
-0.45	-0.883
-0.45	0.883
-0.449	-0.884
-0.449	0.884
-0.448	-0.885
-0.448	-0.884
-0.448	0.884
-0.447	-0.885
-0.447	0.885
-0.446	-0.886
-0.446	0.885
-0.446	0.886
-0.445	-0.886
-0.445	0.886
-0.444	-0.887
-0.444	0.887
-0.443	-0.887
-0.443	0.887
-0.442	-0.888
-0.442	0.888
-0.441	-0.888
-0.441	0.888
-0.44	-0.889
-0.44	0.889
-0.439	-0.889
-0.439	0.889
-0.438	-0.89
-0.438	0.89
-0.437	-0.891
-0.437	-0.89
-0.437	0.89
-0.437	0.891
-0.436	-0.891
-0.436	0.891
-0.435	-0.892
-0.435	0.892
-0.434	-0.892
-0.434	0.892
-0.433	-0.893
-0.433	0.893
-0.432	-0.893
-0.432	0.893
-0.431	-0.894
-0.431	0.894
-0.43	-0.895
-0.43	-0.894
-0.43	0.894
-0.43	0.895
-0.429	-0.895
-0.429	0.895
-0.428	-0.896
-0.428	0.896
-0.427	-0.896
-0.427	0.896
-0.426	-0.897
-0.426	0.897
-0.425	-0.897
-0.425	0.897
-0.424	-0.898
-0.424	0.898
-0.423	-0.898
-0.423	0.898
-0.422	-0.899
-0.422	0.899
-0.421	-0.899
-0.421	0.899
-0.42	-0.9
-0.42	0.9
-0.419	-0.901
-0.419	-0.9
-0.419	0.9
-0.419	0.901
-0.418	-0.901
-0.418	0.901
-0.417	-0.902
-0.417	0.902
-0.416	-0.902
-0.416	0.902
-0.415	-0.903
-0.415	0.903
-0.414	-0.903
-0.414	0.903
-0.413	-0.904
-0.413	0.904
-0.412	-0.904
-0.412	0.904
-0.411	-0.905
-0.411	0.905
-0.41	-0.906
-0.41	-0.905
-0.41	0.905
-0.41	0.906
-0.409	-0.906
-0.409	0.906
-0.408	-0.907
-0.408	0.907
-0.407	-0.907
-0.407	0.907
-0.406	-0.908
-0.406	0.908
-0.405	-0.908
-0.405	0.908
-0.404	-0.909
-0.404	0.909
-0.403	-0.909
-0.403	0.909
-0.403	0.91
-0.402	-0.91
-0.402	0.91
-0.401	-0.911
-0.401	0.911
-0.4	-0.911
-0.4	0.911
-0.399	-0.911
-0.399	0.911
-0.399	0.912
-0.398	-0.912
-0.398	0.912
-0.397	-0.912
-0.397	0.912
-0.396	-0.913
-0.396	-0.912
-0.396	0.912
-0.396	0.913
-0.395	-0.913
-0.395	0.913
-0.394	-0.913
-0.394	0.913
-0.393	-0.913
-0.393	0.913
-0.393	0.914
-0.392	-0.914
-0.392	0.914
-0.391	-0.914
-0.391	0.914
-0.39	-0.914
-0.39	0.914
-0.389	-0.915
-0.389	0.915
-0.388	-0.915
-0.388	0.915
-0.387	-0.916
-0.387	-0.915
-0.387	0.915
-0.386	-0.916
-0.386	0.916
-0.385	-0.916
-0.385	0.916
-0.384	-0.916
-0.384	0.916
-0.383	-0.917
-0.383	0.917
-0.382	-0.917
-0.382	0.917
-0.381	-0.917
-0.381	0.917
-0.38	-0.918
-0.38	0.918
-0.379	-0.918
-0.379	0.918
-0.378	-0.918
-0.378	0.918
-0.377	-0.919
-0.377	0.919
-0.376	-0.919
-0.376	0.919
-0.375	-0.92
-0.375	-0.919
-0.375	0.919
-0.374	-0.92
-0.374	0.92
-0.373	-0.92
-0.373	0.92
-0.372	-0.921
-0.372	-0.92
-0.372	0.92
-0.371	-0.921
-0.371	0.921
-0.37	-0.921
-0.37	0.921
-0.369	-0.921
-0.369	0.921
-0.369	0.922
-0.368	-0.922
-0.368	0.922
-0.367	-0.922
-0.367	0.922
-0.366	-0.923
-0.366	-0.922
-0.366	0.922
-0.365	-0.923
-0.365	0.923
-0.364	-0.923
-0.364	0.923
-0.363	-0.924
-0.363	-0.923
-0.363	0.923
-0.362	-0.924
-0.362	0.924
-0.361	-0.924
-0.361	0.924
-0.36	-0.925
-0.36	-0.924
-0.36	0.924
-0.359	-0.925
-0.359	0.925
-0.358	-0.925
-0.358	0.925
-0.357	-0.925
-0.357	0.925
-0.357	0.926
-0.356	-0.926
-0.356	0.926
-0.355	-0.926
-0.355	0.926
-0.354	-0.926
-0.354	0.926
-0.354	0.927
-0.353	-0.927
-0.353	0.927
-0.352	-0.927
-0.352	0.927
-0.351	-0.927
-0.351	0.927
-0.35	-0.928
-0.35	0.928
-0.349	-0.928
-0.349	0.928
-0.348	-0.929
-0.348	-0.928
-0.348	0.928
-0.348	0.929
-0.347	-0.929
-0.347	0.929
-0.346	-0.929
-0.346	0.929
-0.345	-0.929
-0.345	0.929
-0.345	0.93
-0.344	-0.93
-0.344	0.93
-0.343	-0.93
-0.343	0.93
-0.342	-0.93
-0.342	0.93
-0.342	0.931
-0.341	-0.931
-0.341	0.931
-0.34	-0.931
-0.34	0.931
-0.339	-0.931
-0.339	0.931
-0.339	0.932
-0.338	-0.932
-0.338	0.932
-0.337	-0.932
-0.337	0.932
-0.336	-0.932
-0.336	0.932
-0.335	-0.933
-0.335	0.933
-0.334	-0.933
-0.334	0.933
-0.333	-0.933
-0.333	0.933
-0.333	0.934
-0.332	-0.934
-0.332	0.934
-0.331	-0.934
-0.331	0.934
-0.33	-0.934
-0.33	0.934
-0.33	0.935
-0.329	-0.935
-0.329	0.935
-0.328	-0.935
-0.328	0.935
-0.327	-0.936
-0.327	-0.935
-0.327	0.935
-0.326	-0.936
-0.326	0.936
-0.325	-0.936
-0.325	0.936
-0.324	-0.936
-0.324	0.936
-0.323	-0.937
-0.323	0.937
-0.322	-0.937
-0.322	0.937
-0.321	-0.937
-0.321	0.937
-0.32	-0.938
-0.32	0.938
-0.319	-0.938
-0.319	0.938
-0.318	-0.938
-0.318	0.938
-0.318	0.939
-0.317	-0.939
-0.317	0.939
-0.316	-0.939
-0.316	0.939
-0.315	-0.939
-0.315	0.939
-0.314	-0.94
-0.314	0.94
-0.313	-0.94
-0.313	0.94
-0.312	-0.941
-0.312	-0.94
-0.312	0.94
-0.311	-0.941
-0.311	0.941
-0.31	-0.941
-0.31	0.941
-0.309	-0.942
-0.309	-0.941
-0.309	0.941
-0.309	0.942
-0.308	-0.942
-0.308	0.942
-0.307	-0.942
-0.307	0.942
-0.306	-0.942
-0.306	0.942
-0.306	0.943
-0.305	-0.943
-0.305	0.943
-0.304	-0.943
-0.304	0.943
-0.303	-0.944
-0.303	-0.943
-0.303	0.943
-0.302	-0.944
-0.302	0.944
-0.301	-0.944
-0.301	0.944
-0.3	-0.945
-0.3	-0.944
-0.3	0.944
-0.3	0.945
-0.299	-0.945
-0.299	0.945
-0.298	-0.945
-0.298	0.945
-0.297	-0.946
-0.297	-0.945
-0.297	0.945
-0.296	-0.946
-0.296	0.946
-0.295	-0.946
-0.295	0.946
-0.294	-0.946
-0.294	0.946
-0.293	-0.947
-0.293	0.947
-0.292	-0.947
-0.292	0.947
-0.291	-0.948
-0.291	-0.947
-0.291	0.947
-0.29	-0.948
-0.29	0.948
-0.289	-0.948
-0.289	0.948
-0.288	-0.948
-0.288	0.948
-0.288	0.949
-0.287	-0.949
-0.287	0.949
-0.286	-0.949
-0.286	0.949
-0.285	-0.95
-0.285	-0.949
-0.285	0.949
-0.285	0.95
-0.284	-0.95
-0.284	0.95
-0.283	-0.95
-0.283	0.95
-0.282	-0.95
-0.282	0.95
-0.281	-0.951
-0.281	0.951
-0.28	-0.951
-0.28	0.951
-0.279	-0.952
-0.279	-0.951
-0.279	0.951
-0.279	0.952
-0.278	-0.952
-0.278	0.952
-0.277	-0.952
-0.277	0.952
-0.276	-0.953
-0.276	-0.952
-0.276	0.952
-0.276	0.953
-0.275	-0.953
-0.275	0.953
-0.274	-0.953
-0.274	0.953
-0.273	-0.953
-0.273	0.953
-0.272	-0.954
-0.272	0.954
-0.271	-0.954
-0.271	0.954
-0.27	-0.954
-0.27	0.954
-0.27	0.955
-0.269	-0.955
-0.269	0.955
-0.268	-0.955
-0.268	0.955
-0.267	-0.956
-0.267	-0.955
-0.267	0.955
-0.267	0.956
-0.266	-0.956
-0.266	0.956
-0.265	-0.956
-0.265	0.956
-0.264	-0.957
-0.264	-0.956
-0.264	0.956
-0.264	0.957
-0.263	-0.957
-0.263	0.957
-0.262	-0.957
-0.262	0.957
-0.261	-0.957
-0.261	0.957
-0.26	-0.958
-0.26	0.958
-0.259	-0.958
-0.259	0.958
-0.258	-0.958
-0.258	0.958
-0.257	-0.959
-0.257	0.959
-0.256	-0.959
-0.256	0.959
-0.255	-0.96
-0.255	-0.959
-0.255	0.959
-0.254	-0.96
-0.254	0.96
-0.253	-0.96
-0.253	0.96
-0.252	-0.96
-0.252	0.96
-0.251	-0.961
-0.251	0.961
-0.25	-0.961
-0.25	0.961
-0.249	-0.962
-0.249	-0.961
-0.249	0.961
-0.248	-0.962
-0.248	0.962
-0.247	-0.962
-0.247	0.962
-0.246	-0.962
-0.246	0.962
-0.245	-0.963
-0.245	0.963
-0.244	-0.963
-0.244	0.963
-0.243	-0.964
-0.243	-0.963
-0.243	0.963
-0.243	0.964
-0.242	-0.964
-0.242	0.964
-0.241	-0.964
-0.241	0.964
-0.24	-0.965
-0.24	-0.964
-0.24	0.964
-0.239	-0.965
-0.239	0.965
-0.238	-0.965
-0.238	0.965
-0.237	-0.965
-0.237	0.965
-0.236	-0.966
-0.236	0.966
-0.235	-0.966
-0.235	0.966
-0.234	-0.966
-0.234	0.966
-0.233	-0.967
-0.233	0.967
-0.232	-0.967
-0.232	0.967
-0.231	-0.967
-0.231	0.967
-0.23	-0.968
-0.23	0.968
-0.229	-0.968
-0.229	0.968
-0.228	-0.969
-0.228	-0.968
-0.228	0.968
-0.228	0.969
-0.227	-0.969
-0.227	0.969
-0.226	-0.969
-0.226	0.969
-0.225	-0.969
-0.225	0.969
-0.224	-0.97
-0.224	0.97
-0.223	-0.97
-0.223	0.97
-0.222	-0.97
-0.222	0.97
-0.221	-0.971
-0.221	0.971
-0.22	-0.971
-0.22	0.971
-0.219	-0.972
-0.219	-0.971
-0.219	0.971
-0.219	0.972
-0.218	-0.972
-0.218	0.972
-0.217	-0.972
-0.217	0.972
-0.216	-0.973
-0.216	-0.972
-0.216	0.972
-0.216	0.973
-0.215	-0.973
-0.215	0.973
-0.214	-0.973
-0.214	0.973
-0.213	-0.973
-0.213	0.973
-0.213	0.974
-0.212	-0.974
-0.212	0.974
-0.211	-0.974
-0.211	0.974
-0.21	-0.974
-0.21	0.974
-0.209	-0.975
-0.209	0.975
-0.208	-0.975
-0.208	0.975
-0.207	-0.976
-0.207	-0.975
-0.207	0.975
-0.207	0.976
-0.206	-0.976
-0.206	0.976
-0.205	-0.976
-0.205	0.976
-0.204	-0.977
-0.204	-0.976
-0.204	0.976
-0.204	0.977
-0.203	-0.977
-0.203	0.977
-0.202	-0.977
-0.202	0.977
-0.201	-0.978
-0.201	-0.977
-0.201	0.977
-0.201	0.978
-0.2	-0.978
-0.2	0.978
-0.199	-0.978
-0.199	0.978
-0.198	-0.978
-0.198	0.978
-0.197	-0.978
-0.197	0.978
-0.196	-0.978
-0.196	0.978
-0.195	-0.978
-0.195	0.978
-0.194	-0.978
-0.194	0.978
-0.193	-0.979
-0.193	-0.978
-0.193	0.978
-0.193	0.979
-0.192	-0.979
-0.192	0.979
-0.191	-0.979
-0.191	0.979
-0.19	-0.979
-0.19	0.979
-0.189	-0.979
-0.189	0.979
-0.188	-0.979
-0.188	0.979
-0.187	-0.979
-0.187	0.979
-0.186	-0.979
-0.186	0.979
-0.185	-0.979
-0.185	0.979
-0.184	-0.98
-0.184	-0.979
-0.184	0.979
-0.184	0.98
-0.183	-0.98
-0.183	0.98
-0.182	-0.98
-0.182	0.98
-0.181	-0.98
-0.181	0.98
-0.18	-0.98
-0.18	0.98
-0.179	-0.98
-0.179	0.98
-0.178	-0.98
-0.178	0.98
-0.177	-0.98
-0.177	0.98
-0.176	-0.981
-0.176	-0.98
-0.176	0.98
-0.176	0.981
-0.175	-0.981
-0.175	-0.98
-0.175	0.98
-0.175	0.981
-0.174	-0.981
-0.174	0.981
-0.173	-0.981
-0.173	0.981
-0.172	-0.981
-0.172	0.981
-0.171	-0.981
-0.171	0.981
-0.17	-0.981
-0.17	0.981
-0.169	-0.981
-0.169	0.981
-0.168	-0.981
-0.168	0.981
-0.167	-0.982
-0.167	-0.981
-0.167	0.981
-0.167	0.982
-0.166	-0.982
-0.166	0.982
-0.165	-0.982
-0.165	0.982
-0.164	-0.982
-0.164	0.982
-0.163	-0.982
-0.163	0.982
-0.162	-0.982
-0.162	0.982
-0.161	-0.982
-0.161	0.982
-0.16	-0.982
-0.16	0.982
-0.159	-0.982
-0.159	0.982
-0.158	-0.982
-0.158	0.982
-0.158	0.983
-0.157	-0.983
-0.157	-0.982
-0.157	0.983
-0.156	-0.983
-0.156	0.983
-0.155	-0.983
-0.155	0.983
-0.154	-0.983
-0.154	0.983
-0.153	-0.983
-0.153	0.983
-0.152	-0.983
-0.152	0.983
-0.151	-0.983
-0.151	0.983
-0.15	-0.983
-0.15	0.983
-0.149	-0.983
-0.149	0.983
-0.149	0.984
-0.148	-0.984
-0.148	0.984
-0.147	-0.984
-0.147	0.984
-0.146	-0.984
-0.146	0.984
-0.145	-0.984
-0.145	0.984
-0.144	-0.984
-0.144	0.984
-0.143	-0.984
-0.143	0.984
-0.142	-0.984
-0.142	0.984
-0.141	-0.984
-0.141	0.984
-0.14	-0.985
-0.14	-0.984
-0.14	0.984
-0.139	-0.985
-0.139	-0.984
-0.139	0.985
-0.138	-0.985
-0.138	0.985
-0.137	-0.985
-0.137	0.985
-0.136	-0.985
-0.136	0.985
-0.135	-0.985
-0.135	0.985
-0.134	-0.985
-0.134	0.985
-0.133	-0.985
-0.133	0.985
-0.132	-0.985
-0.132	0.985
-0.131	-0.985
-0.131	0.985
-0.13	-0.986
-0.13	-0.985
-0.13	0.985
-0.13	0.986
-0.129	-0.986
-0.129	0.986
-0.128	-0.986
-0.128	0.986
-0.127	-0.986
-0.127	0.986
-0.126	-0.986
-0.126	0.986
-0.125	-0.986
-0.125	0.986
-0.124	-0.986
-0.124	0.986
-0.123	-0.986
-0.123	0.986
-0.122	-0.986
-0.122	0.986
-0.122	0.987
-0.121	-0.987
-0.121	-0.986
-0.121	0.986
-0.121	0.987
-0.12	-0.987
-0.12	0.987
-0.119	-0.987
-0.119	0.987
-0.118	-0.987
-0.118	0.987
-0.117	-0.987
-0.117	0.987
-0.116	-0.987
-0.116	0.987
-0.115	-0.987
-0.115	0.987
-0.114	-0.987
-0.114	0.987
-0.113	-0.987
-0.113	0.987
-0.112	-0.988
-0.112	-0.987
-0.112	0.987
-0.112	0.988
-0.111	-0.988
-0.111	0.988
-0.11	-0.988
-0.11	0.988
-0.109	-0.988
-0.109	0.988
-0.108	-0.988
-0.108	0.988
-0.107	-0.988
-0.107	0.988
-0.106	-0.988
-0.106	0.988
-0.105	-0.988
-0.105	0.988
-0.104	-0.988
-0.104	0.988
-0.103	-0.989
-0.103	-0.988
-0.103	0.988
-0.103	0.989
-0.102	-0.989
-0.102	0.989
-0.101	-0.989
-0.101	0.989
-0.1	-0.989
-0.1	0.989
-0.099	-0.989
-0.099	0.989
-0.098	-0.989
-0.098	0.989
-0.097	-0.989
-0.097	0.989
-0.096	-0.989
-0.096	0.989
-0.095	-0.99
-0.095	-0.989
-0.095	0.989
-0.095	0.99
-0.094	-0.99
-0.094	-0.989
-0.094	0.989
-0.094	0.99
-0.093	-0.99
-0.093	0.99
-0.092	-0.99
-0.092	0.99
-0.091	-0.99
-0.091	0.99
-0.09	-0.99
-0.09	0.99
-0.089	-0.99
-0.089	0.99
-0.088	-0.99
-0.088	0.99
-0.087	-0.99
-0.087	0.99
-0.086	-0.99
-0.086	0.99
-0.086	0.991
-0.085	-0.991
-0.085	0.991
-0.084	-0.991
-0.084	0.991
-0.083	-0.991
-0.083	0.991
-0.082	-0.991
-0.082	0.991
-0.081	-0.991
-0.081	0.991
-0.08	-0.991
-0.08	0.991
-0.079	-0.991
-0.079	0.991
-0.078	-0.991
-0.078	0.991
-0.077	-0.992
-0.077	-0.991
-0.077	0.991
-0.077	0.992
-0.076	-0.992
-0.076	0.992
-0.075	-0.992
-0.075	0.992
-0.074	-0.992
-0.074	0.992
-0.073	-0.992
-0.073	0.992
-0.072	-0.992
-0.072	0.992
-0.071	-0.992
-0.071	0.992
-0.07	-0.992
-0.07	0.992
-0.069	-0.992
-0.069	0.992
-0.068	-0.993
-0.068	-0.992
-0.068	0.992
-0.068	0.993
-0.067	-0.993
-0.067	0.993
-0.066	-0.993
-0.066	0.993
-0.065	-0.993
-0.065	0.993
-0.064	-0.993
-0.064	0.993
-0.063	-0.993
-0.063	0.993
-0.062	-0.993
-0.062	0.993
-0.061	-0.993
-0.061	0.993
-0.06	-0.993
-0.06	0.993
-0.059	-0.994
-0.059	-0.993
-0.059	0.993
-0.058	-0.994
-0.058	0.994
-0.057	-0.994
-0.057	0.994
-0.056	-0.994
-0.056	0.994
-0.055	-0.994
-0.055	0.994
-0.054	-0.994
-0.054	0.994
-0.053	-0.994
-0.053	0.994
-0.052	-0.994
-0.052	0.994
-0.051	-0.994
-0.051	0.994
-0.05	-0.994
-0.05	0.994
-0.05	0.995
-0.049	-0.995
-0.049	0.994
-0.049	0.995
-0.048	-0.995
-0.048	0.995
-0.047	-0.995
-0.047	0.995
-0.046	-0.995
-0.046	0.995
-0.045	-0.995
-0.045	0.995
-0.044	-0.995
-0.044	0.995
-0.043	-0.995
-0.043	0.995
-0.042	-0.995
-0.042	0.995
-0.041	-0.996
-0.041	-0.995
-0.041	0.995
-0.041	0.996
-0.04	-0.996
-0.04	-0.995
-0.04	0.996
-0.039	-0.996
-0.039	0.996
-0.038	-0.996
-0.038	0.996
-0.037	-0.996
-0.037	0.996
-0.036	-0.996
-0.036	0.996
-0.035	-0.996
-0.035	0.996
-0.034	-0.996
-0.034	0.996
-0.033	-0.996
-0.033	0.996
-0.032	-0.996
-0.032	0.996
-0.032	0.997
-0.031	-0.997
-0.031	-0.996
-0.031	0.997
-0.03	-0.997
-0.03	0.997
-0.029	-0.997
-0.029	0.997
-0.028	-0.997
-0.028	0.997
-0.027	-0.997
-0.027	0.997
-0.026	-0.997
-0.026	0.997
-0.025	-0.997
-0.025	0.997
-0.024	-0.997
-0.024	0.997
-0.023	-0.997
-0.023	0.997
-0.022	-0.998
-0.022	0.998
-0.021	-0.998
-0.021	0.998
-0.02	-0.998
-0.02	0.998
-0.019	-0.998
-0.019	0.998
-0.018	-0.998
-0.018	0.998
-0.017	-0.998
-0.017	0.998
-0.016	-0.998
-0.016	0.998
-0.015	-0.998
-0.015	0.998
-0.014	-0.998
-0.014	0.998
-0.013	-0.999
-0.013	0.998
-0.013	0.999
-0.012	-0.999
-0.012	0.999
-0.011	-0.999
-0.011	0.999
-0.01	-0.999
-0.01	0.999
-0.009	-0.999
-0.009	0.999
-0.008	-0.999
-0.008	0.999
-0.007	-0.999
-0.007	0.999
-0.006	-0.999
-0.006	0.999
-0.005	-1.0
-0.005	-0.999
-0.005	0.999
-0.004	-1.0
-0.004	0.999
-0.004	1.0
-0.003	-1.0
-0.003	1.0
-0.002	-1.0
-0.002	1.0
-0.001	-1.0
-0.001	1.0
0.0	-1.0
0.0	1.0
0.001	-1.0
0.001	1.0
0.002	-1.0
0.002	1.0
0.003	-1.0
0.003	1.0
0.004	-1.0
0.004	1.0
0.005	-1.0
0.005	-0.999
0.005	0.999
0.006	-0.999
0.006	0.999
0.007	-0.999
0.007	0.999
0.008	-0.999
0.008	0.999
0.009	-0.999
0.009	0.999
0.01	-0.999
0.01	0.999
0.011	-0.999
0.011	0.999
0.012	-0.999
0.012	0.999
0.013	-0.999
0.013	-0.998
0.013	0.998
0.013	0.999
0.014	-0.998
0.014	0.998
0.015	-0.998
0.015	0.998
0.016	-0.998
0.016	0.998
0.017	-0.998
0.017	0.998
0.018	-0.998
0.018	0.998
0.019	-0.998
0.019	0.998
0.02	-0.998
0.02	0.998
0.021	-0.998
0.021	0.998
0.022	-0.998
0.022	-0.997
0.022	0.998
0.023	-0.998
0.023	-0.997
0.023	0.997
0.024	-0.997
0.024	0.997
0.025	-0.997
0.025	0.997
0.026	-0.997
0.026	0.997
0.027	-0.997
0.027	0.997
0.028	-0.997
0.028	0.997
0.029	-0.997
0.029	0.997
0.03	-0.997
0.03	0.997
0.031	-0.997
0.031	0.997
0.032	-0.997
0.032	-0.996
0.032	0.996
0.032	0.997
0.033	-0.996
0.033	0.996
0.034	-0.996
0.034	0.996
0.035	-0.996
0.035	0.996
0.036	-0.996
0.036	0.996
0.037	-0.996
0.037	0.996
0.038	-0.996
0.038	0.996
0.039	-0.996
0.039	0.996
0.04	-0.996
0.04	-0.995
0.04	0.996
0.041	-0.995
0.041	0.995
0.041	0.996
0.042	-0.995
0.042	0.995
0.043	-0.995
0.043	0.995
0.044	-0.995
0.044	0.995
0.045	-0.995
0.045	0.995
0.046	-0.995
0.046	0.995
0.047	-0.995
0.047	0.995
0.048	-0.995
0.048	0.995
0.049	-0.995
0.049	-0.994
0.049	0.994
0.049	0.995
0.05	-0.994
0.05	0.994
0.05	0.995
0.051	-0.994
0.051	0.994
0.052	-0.994
0.052	0.994
0.053	-0.994
0.053	0.994
0.054	-0.994
0.054	0.994
0.055	-0.994
0.055	0.994
0.056	-0.994
0.056	0.994
0.057	-0.994
0.057	0.994
0.058	-0.994
0.058	-0.993
0.058	0.993
0.058	0.994
0.059	-0.993
0.059	0.993
0.06	-0.993
0.06	0.993
0.061	-0.993
0.061	0.993
0.062	-0.993
0.062	0.993
0.063	-0.993
0.063	0.993
0.064	-0.993
0.064	0.993
0.065	-0.993
0.065	0.993
0.066	-0.993
0.066	0.993
0.067	-0.993
0.067	0.993
0.068	-0.992
0.068	0.992
0.069	-0.992
0.069	0.992
0.07	-0.992
0.07	0.992
0.071	-0.992
0.071	0.992
0.072	-0.992
0.072	0.992
0.073	-0.992
0.073	0.992
0.074	-0.992
0.074	0.992
0.075	-0.992
0.075	0.992
0.076	-0.992
0.076	0.992
0.077	-0.992
0.077	-0.991
0.077	0.991
0.077	0.992
0.078	-0.991
0.078	0.991
0.079	-0.991
0.079	0.991
0.08	-0.991
0.08	0.991
0.081	-0.991
0.081	0.991
0.082	-0.991
0.082	0.991
0.083	-0.991
0.083	0.991
0.084	-0.991
0.084	0.991
0.085	-0.991
0.085	-0.99
0.085	0.991
0.086	-0.99
0.086	0.99
0.086	0.991
0.087	-0.99
0.087	0.99
0.088	-0.99
0.088	0.99
0.089	-0.99
0.089	0.99
0.09	-0.99
0.09	0.99
0.091	-0.99
0.091	0.99
0.092	-0.99
0.092	0.99
0.093	-0.99
0.093	0.99
0.094	-0.99
0.094	-0.989
0.094	0.989
0.094	0.99
0.095	-0.99
0.095	-0.989
0.095	0.989
0.095	0.99
0.096	-0.989
0.096	0.989
0.097	-0.989
0.097	0.989
0.098	-0.989
0.098	0.989
0.099	-0.989
0.099	0.989
0.1	-0.989
0.1	0.989
0.101	-0.989
0.101	0.989
0.102	-0.989
0.102	0.989
0.103	-0.989
0.103	0.989
0.104	-0.988
0.104	0.988
0.105	-0.988
0.105	0.988
0.106	-0.988
0.106	0.988
0.107	-0.988
0.107	0.988
0.108	-0.988
0.108	0.988
0.109	-0.988
0.109	0.988
0.11	-0.988
0.11	0.988
0.111	-0.988
0.111	0.988
0.112	-0.988
0.112	0.988
0.113	-0.987
0.113	0.987
0.114	-0.987
0.114	0.987
0.115	-0.987
0.115	0.987
0.116	-0.987
0.116	0.987
0.117	-0.987
0.117	0.987
0.118	-0.987
0.118	0.987
0.119	-0.987
0.119	0.987
0.12	-0.987
0.12	0.987
0.121	-0.987
0.121	-0.986
0.121	0.986
0.121	0.987
0.122	-0.986
0.122	0.986
0.122	0.987
0.123	-0.986
0.123	0.986
0.124	-0.986
0.124	0.986
0.125	-0.986
0.125	0.986
0.126	-0.986
0.126	0.986
0.127	-0.986
0.127	0.986
0.128	-0.986
0.128	0.986
0.129	-0.986
0.129	0.986
0.13	-0.986
0.13	0.985
0.13	0.986
0.131	-0.986
0.131	-0.985
0.131	0.985
0.132	-0.985
0.132	0.985
0.133	-0.985
0.133	0.985
0.134	-0.985
0.134	0.985
0.135	-0.985
0.135	0.985
0.136	-0.985
0.136	0.985
0.137	-0.985
0.137	0.985
0.138	-0.985
0.138	0.985
0.139	-0.985
0.139	-0.984
0.139	0.985
0.14	-0.984
0.14	0.984
0.141	-0.984
0.141	0.984
0.142	-0.984
0.142	0.984
0.143	-0.984
0.143	0.984
0.144	-0.984
0.144	0.984
0.145	-0.984
0.145	0.984
0.146	-0.984
0.146	0.984
0.147	-0.984
0.147	0.984
0.148	-0.984
0.148	0.984
0.149	-0.984
0.149	-0.983
0.149	0.983
0.149	0.984
0.15	-0.983
0.15	0.983
0.151	-0.983
0.151	0.983
0.152	-0.983
0.152	0.983
0.153	-0.983
0.153	0.983
0.154	-0.983
0.154	0.983
0.155	-0.983
0.155	0.983
0.156	-0.983
0.156	0.983
0.157	-0.983
0.157	0.983
0.158	-0.982
0.158	0.982
0.159	-0.982
0.159	0.982
0.16	-0.982
0.16	0.982
0.161	-0.982
0.161	0.982
0.162	-0.982
0.162	0.982
0.163	-0.982
0.163	0.982
0.164	-0.982
0.164	0.982
0.165	-0.982
0.165	0.982
0.166	-0.982
0.166	-0.981
0.166	0.981
0.166	0.982
0.167	-0.981
0.167	0.981
0.167	0.982
0.168	-0.981
0.168	0.981
0.169	-0.981
0.169	0.981
0.17	-0.981
0.17	0.981
0.171	-0.981
0.171	0.981
0.172	-0.981
0.172	0.981
0.173	-0.981
0.173	0.981
0.174	-0.981
0.174	0.981
0.175	-0.981
0.175	-0.98
0.175	0.98
0.175	0.981
0.176	-0.981
0.176	-0.98
0.176	0.98
0.176	0.981
0.177	-0.98
0.177	0.98
0.178	-0.98
0.178	0.98
0.179	-0.98
0.179	0.98
0.18	-0.98
0.18	0.98
0.181	-0.98
0.181	0.98
0.182	-0.98
0.182	0.98
0.183	-0.98
0.183	0.98
0.184	-0.98
0.184	0.98
0.185	-0.979
0.185	0.979
0.186	-0.979
0.186	0.979
0.187	-0.979
0.187	0.979
0.188	-0.979
0.188	0.979
0.189	-0.979
0.189	0.979
0.19	-0.979
0.19	0.979
0.191	-0.979
0.191	0.979
0.192	-0.979
0.192	0.979
0.193	-0.979
0.193	-0.978
0.193	0.978
0.193	0.979
0.194	-0.978
0.194	0.978
0.195	-0.978
0.195	0.978
0.196	-0.978
0.196	0.978
0.197	-0.978
0.197	0.978
0.198	-0.978
0.198	0.978
0.199	-0.978
0.199	0.978
0.2	-0.978
0.2	0.978
0.201	-0.977
0.201	0.977
0.202	-0.977
0.202	0.977
0.203	-0.977
0.203	0.977
0.204	-0.977
0.204	-0.976
0.204	0.976
0.204	0.977
0.205	-0.976
0.205	0.976
0.206	-0.976
0.206	0.976
0.207	-0.976
0.207	-0.975
0.207	0.975
0.207	0.976
0.208	-0.975
0.208	0.975
0.209	-0.975
0.209	0.975
0.21	-0.975
0.21	-0.974
0.21	0.974
0.21	0.975
0.211	-0.974
0.211	0.974
0.212	-0.974
0.212	0.974
0.213	-0.973
0.213	0.973
0.213	0.974
0.214	-0.973
0.214	0.973
0.215	-0.973
0.215	0.973
0.216	-0.972
0.216	0.972
0.217	-0.972
0.217	0.972
0.218	-0.972
0.218	0.972
0.219	-0.972
0.219	-0.971
0.219	0.971
0.219	0.972
0.22	-0.971
0.22	0.971
0.221	-0.971
0.221	0.971
0.222	-0.971
0.222	-0.97
0.222	0.97
0.223	-0.97
0.223	0.97
0.224	-0.97
0.224	0.97
0.225	-0.969
0.225	0.969
0.226	-0.969
0.226	0.969
0.227	-0.969
0.227	0.969
0.228	-0.969
0.228	-0.968
0.228	0.968
0.228	0.969
0.229	-0.968
0.229	0.968
0.23	-0.968
0.23	0.968
0.231	-0.967
0.231	0.967
0.231	0.968
0.232	-0.967
0.232	0.967
0.233	-0.967
0.233	0.967
0.234	-0.966
0.234	0.966
0.235	-0.966
0.235	0.966
0.236	-0.966
0.236	0.966
0.237	-0.965
0.237	0.965
0.238	-0.965
0.238	0.965
0.239	-0.965
0.239	0.965
0.24	-0.965
0.24	-0.964
0.24	0.964
0.241	-0.964
0.241	0.964
0.242	-0.964
0.242	0.964
0.243	-0.963
0.243	0.963
0.244	-0.963
0.244	0.963
0.245	-0.963
0.245	0.963
0.246	-0.962
0.246	0.962
0.247	-0.962
0.247	0.962
0.248	-0.962
0.248	0.962
0.249	-0.962
0.249	-0.961
0.249	0.961
0.249	0.962
0.25	-0.961
0.25	0.961
0.251	-0.961
0.251	0.961
0.252	-0.961
0.252	-0.96
0.252	0.96
0.253	-0.96
0.253	0.96
0.254	-0.96
0.254	0.96
0.255	-0.959
0.255	0.959
0.256	-0.959
0.256	0.959
0.257	-0.959
0.257	0.959
0.258	-0.958
0.258	0.958
0.259	-0.958
0.259	0.958
0.26	-0.958
0.26	0.958
0.261	-0.957
0.261	0.957
0.262	-0.957
0.262	0.957
0.263	-0.957
0.263	0.957
0.264	-0.957
0.264	-0.956
0.264	0.956
0.264	0.957
0.265	-0.956
0.265	0.956
0.266	-0.956
0.266	0.956
0.267	-0.956
0.267	-0.955
0.267	0.955
0.267	0.956
0.268	-0.955
0.268	0.955
0.269	-0.955
0.269	0.955
0.27	-0.955
0.27	-0.954
0.27	0.954
0.27	0.955
0.271	-0.954
0.271	0.954
0.272	-0.954
0.272	0.954
0.273	-0.954
0.273	-0.953
0.273	0.953
0.273	0.954
0.274	-0.953
0.274	0.953
0.275	-0.953
0.275	0.953
0.276	-0.952
0.276	0.952
0.276	0.953
0.277	-0.952
0.277	0.952
0.278	-0.952
0.278	0.952
0.279	-0.951
0.279	0.951
0.279	0.952
0.28	-0.951
0.28	0.951
0.281	-0.951
0.281	0.951
0.282	-0.95
0.282	0.95
0.282	0.951
0.283	-0.95
0.283	0.95
0.284	-0.95
0.284	0.95
0.285	-0.949
0.285	0.949
0.285	0.95
0.286	-0.949
0.286	0.949
0.287	-0.949
0.287	0.949
0.288	-0.948
0.288	0.948
0.288	0.949
0.289	-0.948
0.289	0.948
0.29	-0.948
0.29	0.948
0.291	-0.948
0.291	-0.947
0.291	0.947
0.292	-0.947
0.292	0.947
0.293	-0.947
0.293	0.947
0.294	-0.946
0.294	0.946
0.295	-0.946
0.295	0.946
0.296	-0.946
0.296	0.946
0.297	-0.946
0.297	-0.945
0.297	0.945
0.298	-0.945
0.298	0.945
0.299	-0.945
0.299	0.945
0.3	-0.944
0.3	0.944
0.301	-0.944
0.301	0.944
0.302	-0.944
0.302	0.944
0.303	-0.943
0.303	0.943
0.304	-0.943
0.304	0.943
0.305	-0.943
0.305	0.943
0.306	-0.943
0.306	-0.942
0.306	0.942
0.306	0.943
0.307	-0.942
0.307	0.942
0.308	-0.942
0.308	0.942
0.309	-0.942
0.309	-0.941
0.309	0.941
0.309	0.942
0.31	-0.941
0.31	0.941
0.311	-0.941
0.311	0.941
0.312	-0.941
0.312	-0.94
0.312	0.94
0.313	-0.94
0.313	0.94
0.314	-0.94
0.314	0.94
0.315	-0.939
0.315	0.939
0.316	-0.939
0.316	0.939
0.317	-0.939
0.317	0.939
0.318	-0.938
0.318	0.938
0.319	-0.938
0.319	0.938
0.32	-0.938
0.32	0.938
0.321	-0.937
0.321	0.937
0.322	-0.937
0.322	0.937
0.323	-0.937
0.323	0.937
0.324	-0.936
0.324	0.936
0.325	-0.936
0.325	0.936
0.326	-0.936
0.326	0.936
0.327	-0.935
0.327	0.935
0.328	-0.935
0.328	0.935
0.329	-0.935
0.329	0.935
0.33	-0.935
0.33	-0.934
0.33	0.934
0.33	0.935
0.331	-0.934
0.331	0.934
0.332	-0.934
0.332	0.934
0.333	-0.934
0.333	-0.933
0.333	0.933
0.333	0.934
0.334	-0.933
0.334	0.933
0.335	-0.933
0.335	0.933
0.336	-0.932
0.336	0.932
0.337	-0.932
0.337	0.932
0.338	-0.932
0.338	0.932
0.339	-0.931
0.339	0.931
0.34	-0.931
0.34	0.931
0.341	-0.931
0.341	0.931
0.342	-0.93
0.342	0.93
0.342	0.931
0.343	-0.93
0.343	0.93
0.344	-0.93
0.344	0.93
0.345	-0.929
0.345	0.929
0.346	-0.929
0.346	0.929
0.347	-0.929
0.347	0.929
0.348	-0.929
0.348	-0.928
0.348	0.928
0.348	0.929
0.349	-0.928
0.349	0.928
0.35	-0.928
0.35	0.928
0.351	-0.928
0.351	-0.927
0.351	0.927
0.351	0.928
0.352	-0.927
0.352	0.927
0.353	-0.927
0.353	0.927
0.354	-0.926
0.354	0.926
0.354	0.927
0.355	-0.926
0.355	0.926
0.356	-0.926
0.356	0.926
0.357	-0.925
0.357	0.925
0.358	-0.925
0.358	0.925
0.359	-0.925
0.359	0.925
0.36	-0.925
0.36	-0.924
0.36	0.924
0.361	-0.924
0.361	0.924
0.362	-0.924
0.362	0.924
0.363	-0.924
0.363	-0.923
0.363	0.923
0.364	-0.923
0.364	0.923
0.365	-0.923
0.365	0.923
0.366	-0.923
0.366	-0.922
0.366	0.922
0.367	-0.922
0.367	0.922
0.368	-0.922
0.368	0.922
0.369	-0.921
0.369	0.921
0.37	-0.921
0.37	0.921
0.371	-0.921
0.371	0.921
0.372	-0.921
0.372	-0.92
0.372	0.92
0.373	-0.92
0.373	0.92
0.374	-0.92
0.374	0.92
0.375	-0.919
0.375	0.919
0.376	-0.919
0.376	0.919
0.377	-0.919
0.377	0.919
0.378	-0.918
0.378	0.918
0.379	-0.918
0.379	0.918
0.38	-0.918
0.38	0.918
0.381	-0.917
0.381	0.917
0.382	-0.917
0.382	0.917
0.383	-0.917
0.383	0.917
0.384	-0.916
0.384	0.916
0.385	-0.916
0.385	0.916
0.386	-0.916
0.386	0.916
0.387	-0.916
0.387	-0.915
0.387	0.915
0.388	-0.915
0.388	0.915
0.389	-0.915
0.389	0.915
0.39	-0.915
0.39	-0.914
0.39	0.914
0.39	0.915
0.391	-0.914
0.391	0.914
0.392	-0.914
0.392	0.914
0.393	-0.914
0.393	-0.913
0.393	0.913
0.393	0.914
0.394	-0.913
0.394	0.913
0.395	-0.913
0.395	0.913
0.396	-0.912
0.396	0.912
0.397	-0.912
0.397	0.912
0.398	-0.912
0.398	0.912
0.399	-0.911
0.399	0.911
0.4	-0.911
0.4	0.911
0.401	-0.911
0.401	-0.91
0.401	0.91
0.401	0.911
0.402	-0.91
0.402	0.91
0.403	-0.909
0.403	0.909
0.403	0.91
0.404	-0.909
0.404	0.909
0.405	-0.908
0.405	0.908
0.406	-0.908
0.406	0.908
0.407	-0.907
0.407	0.907
0.408	-0.907
0.408	0.907
0.409	-0.906
0.409	0.906
0.41	-0.906
0.41	-0.905
0.41	0.905
0.41	0.906
0.411	-0.905
0.411	0.905
0.412	-0.905
0.412	-0.904
0.412	0.904
0.413	-0.904
0.413	0.904
0.414	-0.903
0.414	0.903
0.415	-0.903
0.415	0.903
0.416	-0.902
0.416	0.902
0.417	-0.902
0.417	0.902
0.418	-0.901
0.418	0.901
0.419	-0.901
0.419	-0.9
0.419	0.9
0.419	0.901
0.42	-0.9
0.42	0.9
0.421	-0.899
0.421	0.899
0.422	-0.899
0.422	0.899
0.423	-0.898
0.423	0.898
0.424	-0.898
0.424	0.898
0.425	-0.897
0.425	0.897
0.426	-0.897
0.426	0.897
0.427	-0.896
0.427	0.896
0.428	-0.896
0.428	0.896
0.429	-0.895
0.429	0.895
0.43	-0.895
0.43	-0.894
0.43	0.894
0.43	0.895
0.431	-0.894
0.431	0.894
0.432	-0.893
0.432	0.893
0.433	-0.893
0.433	0.893
0.434	-0.892
0.434	0.892
0.435	-0.892
0.435	0.892
0.436	-0.891
0.436	0.891
0.437	-0.891
0.437	-0.89
0.437	0.89
0.437	0.891
0.438	-0.89
0.438	0.89
0.439	-0.889
0.439	0.889
0.44	-0.889
0.44	0.889
0.441	-0.888
0.441	0.888
0.442	-0.888
0.442	0.888
0.443	-0.887
0.443	0.887
0.444	-0.887
0.444	0.887
0.445	-0.886
0.445	0.886
0.446	-0.886
0.446	0.886
0.447	-0.885
0.447	0.885
0.448	-0.885
0.448	-0.884
0.448	0.884
0.449	-0.884
0.449	0.884
0.45	-0.883
0.45	0.883
0.451	-0.883
0.451	0.883
0.452	-0.882
0.452	0.882
0.453	-0.882
0.453	0.882
0.454	-0.881
0.454	0.881
0.455	-0.881
0.455	-0.88
0.455	0.88
0.455	0.881
0.456	-0.88
0.456	0.88
0.457	-0.879
0.457	0.879
0.458	-0.879
0.458	0.879
0.459	-0.878
0.459	0.878
0.46	-0.878
0.46	0.878
0.461	-0.877
0.461	0.877
0.462	-0.877
0.462	0.877
0.463	-0.876
0.463	0.876
0.464	-0.876
0.464	-0.875
0.464	0.876
0.465	-0.875
0.465	0.875
0.466	-0.875
0.466	-0.874
0.466	0.874
0.466	0.875
0.467	-0.874
0.467	0.874
0.468	-0.873
0.468	0.873
0.469	-0.873
0.469	0.873
0.47	-0.872
0.47	0.872
0.471	-0.872
0.471	0.872
0.472	-0.871
0.472	0.871
0.473	-0.871
0.473	-0.87
0.473	0.871
0.474	-0.87
0.474	0.87
0.475	-0.869
0.475	0.869
0.476	-0.869
0.476	0.869
0.477	-0.868
0.477	0.868
0.478	-0.868
0.478	0.868
0.479	-0.867
0.479	0.867
0.48	-0.867
0.48	0.867
0.481	-0.866
0.481	0.866
0.482	-0.866
0.482	-0.865
0.482	0.865
0.482	0.866
0.483	-0.865
0.483	0.865
0.484	-0.864
0.484	0.864
0.484	0.865
0.485	-0.864
0.485	0.864
0.486	-0.863
0.486	0.863
0.487	-0.863
0.487	0.863
0.488	-0.862
0.488	0.862
0.489	-0.862
0.489	0.862
0.49	-0.861
0.49	0.861
0.491	-0.861
0.491	0.86
0.491	0.861
0.492	-0.86
0.492	0.86
0.493	-0.86
0.493	-0.859
0.493	0.859
0.494	-0.859
0.494	0.859
0.495	-0.858
0.495	0.858
0.496	-0.858
0.496	0.858
0.497	-0.857
0.497	0.857
0.498	-0.857
0.498	0.857
0.499	-0.856
0.499	0.856
0.5	-0.856
0.5	-0.855
0.5	0.856
0.501	-0.855
0.501	0.855
0.502	-0.854
0.502	0.854
0.503	-0.854
0.503	0.854
0.504	-0.853
0.504	0.853
0.505	-0.853
0.505	0.853
0.506	-0.852
0.506	0.852
0.507	-0.852
0.507	0.852
0.508	-0.851
0.508	0.851
0.509	-0.851
0.509	-0.85
0.509	0.851
0.51	-0.85
0.51	0.85
0.511	-0.85
0.511	-0.849
0.511	0.849
0.511	0.85
0.512	-0.849
0.512	0.849
0.513	-0.848
0.513	0.848
0.514	-0.848
0.514	0.848
0.515	-0.847
0.515	0.847
0.516	-0.847
0.516	0.847
0.517	-0.846
0.517	0.846
0.518	-0.846
0.518	-0.845
0.518	0.845
0.518	0.846
0.519	-0.845
0.519	0.845
0.52	-0.844
0.52	0.844
0.521	-0.844
0.521	0.844
0.522	-0.843
0.522	0.843
0.523	-0.843
0.523	0.843
0.524	-0.842
0.524	0.842
0.525	-0.842
0.525	0.842
0.526	-0.841
0.526	0.841
0.527	-0.841
0.527	0.841
0.528	-0.84
0.528	0.84
0.529	-0.84
0.529	-0.839
0.529	0.839
0.529	0.84
0.53	-0.839
0.53	0.839
0.531	-0.838
0.531	0.838
0.532	-0.838
0.532	0.838
0.533	-0.837
0.533	0.837
0.534	-0.837
0.534	0.837
0.535	-0.836
0.535	0.836
0.536	-0.836
0.536	-0.835
0.536	0.835
0.536	0.836
0.537	-0.835
0.537	0.835
0.538	-0.834
0.538	0.834
0.539	-0.834
0.539	0.834
0.54	-0.833
0.54	0.833
0.541	-0.833
0.541	0.833
0.542	-0.832
0.542	0.832
0.543	-0.832
0.543	0.832
0.544	-0.831
0.544	0.831
0.545	-0.831
0.545	-0.83
0.545	0.831
0.546	-0.83
0.546	0.83
0.547	-0.83
0.547	-0.829
0.547	0.829
0.547	0.83
0.548	-0.829
0.548	0.829
0.549	-0.828
0.549	0.828
0.55	-0.828
0.55	0.828
0.551	-0.827
0.551	0.827
0.552	-0.827
0.552	0.827
0.553	-0.826
0.553	0.826
0.554	-0.826
0.554	0.826
0.555	-0.825
0.555	0.825
0.556	-0.824
0.556	0.824
0.557	-0.824
0.557	0.824
0.558	-0.823
0.558	0.823
0.559	-0.823
0.559	0.823
0.56	-0.822
0.56	0.822
0.561	-0.822
0.561	0.822
0.562	-0.821
0.562	0.821
0.563	-0.821
0.563	-0.82
0.563	0.82
0.563	0.821
0.564	-0.82
0.564	0.82
0.565	-0.82
0.565	-0.819
0.565	0.819
0.566	-0.819
0.566	0.819
0.567	-0.818
0.567	0.818
0.568	-0.818
0.568	0.818
0.569	-0.817
0.569	0.817
0.57	-0.817
0.57	0.817
0.571	-0.816
0.571	0.816
0.572	-0.816
0.572	0.816
0.573	-0.815
0.573	0.815
0.574	-0.814
0.574	0.814
0.575	-0.814
0.575	0.814
0.576	-0.813
0.576	0.813
0.577	-0.813
0.577	0.813
0.578	-0.812
0.578	0.812
0.579	-0.812
0.579	0.812
0.58	-0.811
0.58	0.811
0.581	-0.811
0.581	-0.81
0.581	0.81
0.581	0.811
0.582	-0.81
0.582	0.81
0.583	-0.809
0.583	0.809
0.583	0.81
0.584	-0.809
0.584	0.809
0.585	-0.808
0.585	0.808
0.586	-0.808
0.586	0.808
0.587	-0.807
0.587	0.807
0.588	-0.807
0.588	0.807
0.589	-0.806
0.589	0.806
0.59	-0.806
0.59	0.806
0.591	-0.805
0.591	0.805
0.592	-0.805
0.592	-0.804
0.592	0.804
0.592	0.805
0.593	-0.804
0.593	0.804
0.594	-0.803
0.594	0.803
0.595	-0.803
0.595	0.803
0.596	-0.802
0.596	0.802
0.597	-0.802
0.597	0.802
0.598	-0.801
0.598	0.801
0.599	-0.801
0.599	0.8
0.599	0.801
0.6	-0.8
0.6	0.8
0.601	-0.799
0.601	0.799
0.602	-0.798
0.602	0.798
0.603	-0.797
0.603	0.797
0.604	-0.796
0.604	0.796
0.605	-0.795
0.605	0.795
0.606	-0.794
0.606	0.794
0.607	-0.793
0.607	0.793
0.608	-0.792
0.608	0.792
0.609	-0.791
0.609	0.791
0.61	-0.79
0.61	0.79
0.611	-0.789
0.611	0.789
0.612	-0.788
0.612	0.788
0.613	-0.787
0.613	0.787
0.614	-0.786
0.614	0.786
0.615	-0.785
0.615	0.785
0.616	-0.784
0.616	0.784
0.617	-0.783
0.617	0.783
0.618	-0.782
0.618	0.782
0.619	-0.781
0.619	0.781
0.62	-0.78
0.62	0.78
0.621	-0.779
0.621	0.779
0.622	-0.778
0.622	0.778
0.623	-0.777
0.623	0.777
0.624	-0.776
0.624	0.776
0.625	-0.775
0.625	0.775
0.626	-0.774
0.626	0.774
0.627	-0.773
0.627	0.773
0.628	-0.772
0.628	0.772
0.629	-0.771
0.629	0.771
0.63	-0.77
0.63	0.77
0.631	-0.769
0.631	0.769
0.632	-0.768
0.632	0.768
0.633	-0.767
0.633	0.767
0.634	-0.766
0.634	0.766
0.635	-0.765
0.635	0.765
0.636	-0.764
0.636	0.764
0.637	-0.763
0.637	0.763
0.638	-0.762
0.638	0.762
0.639	-0.761
0.639	0.761
0.64	-0.76
0.64	0.76
0.641	-0.759
0.641	0.759
0.642	-0.758
0.642	0.758
0.643	-0.757
0.643	0.757
0.644	-0.756
0.644	0.756
0.645	-0.755
0.645	0.755
0.646	-0.754
0.646	0.754
0.647	-0.753
0.647	0.753
0.648	-0.752
0.648	0.752
0.649	-0.751
0.649	0.751
0.65	-0.75
0.65	0.75
0.651	-0.749
0.651	0.749
0.652	-0.748
0.652	0.748
0.653	-0.747
0.653	0.747
0.654	-0.746
0.654	0.746
0.655	-0.745
0.655	0.745
0.656	-0.744
0.656	0.744
0.657	-0.743
0.657	0.743
0.658	-0.742
0.658	0.742
0.659	-0.741
0.659	0.741
0.66	-0.74
0.66	0.74
0.661	-0.739
0.661	0.739
0.662	-0.738
0.662	0.738
0.663	-0.737
0.663	0.737
0.664	-0.736
0.664	0.736
0.665	-0.735
0.665	0.735
0.666	-0.734
0.666	0.734
0.667	-0.733
0.667	0.733
0.668	-0.732
0.668	0.732
0.669	-0.731
0.669	0.731
0.67	-0.73
0.67	0.73
0.671	-0.729
0.671	0.729
0.672	-0.728
0.672	0.728
0.673	-0.727
0.673	0.727
0.674	-0.726
0.674	0.726
0.675	-0.725
0.675	0.725
0.676	-0.724
0.676	0.724
0.677	-0.723
0.677	0.723
0.678	-0.722
0.678	0.722
0.679	-0.721
0.679	0.721
0.68	-0.72
0.68	0.72
0.681	-0.719
0.681	0.719
0.682	-0.718
0.682	0.718
0.683	-0.717
0.683	0.717
0.684	-0.716
0.684	0.716
0.685	-0.715
0.685	0.715
0.686	-0.714
0.686	0.714
0.687	-0.713
0.687	0.713
0.688	-0.712
0.688	0.712
0.689	-0.711
0.689	0.711
0.69	-0.71
0.69	0.71
0.691	-0.709
0.691	0.709
0.692	-0.708
0.692	0.708
0.693	-0.707
0.693	0.707
0.694	-0.706
0.694	0.706
0.695	-0.705
0.695	0.705
0.696	-0.704
0.696	0.704
0.697	-0.703
0.697	0.703
0.698	-0.702
0.698	0.702
0.699	-0.701
0.699	0.701
0.7	-0.7
0.7	0.7
0.701	-0.699
0.701	0.699
0.702	-0.698
0.702	0.698
0.703	-0.697
0.703	0.697
0.704	-0.696
0.704	0.696
0.705	-0.695
0.705	0.695
0.706	-0.694
0.706	0.694
0.707	-0.693
0.707	0.693
0.708	-0.692
0.708	0.692
0.709	-0.691
0.709	0.691
0.71	-0.69
0.71	0.69
0.711	-0.689
0.711	0.689
0.712	-0.688
0.712	0.688
0.713	-0.687
0.713	0.687
0.714	-0.686
0.714	0.686
0.715	-0.685
0.715	0.685
0.716	-0.684
0.716	0.684
0.717	-0.683
0.717	0.683
0.718	-0.682
0.718	0.682
0.719	-0.681
0.719	0.681
0.72	-0.68
0.72	0.68
0.721	-0.679
0.721	0.679
0.722	-0.678
0.722	0.678
0.723	-0.677
0.723	0.677
0.724	-0.676
0.724	0.676
0.725	-0.675
0.725	0.675
0.726	-0.674
0.726	0.674
0.727	-0.673
0.727	0.673
0.728	-0.672
0.728	0.672
0.729	-0.671
0.729	0.671
0.73	-0.67
0.73	0.67
0.731	-0.669
0.731	0.669
0.732	-0.668
0.732	0.668
0.733	-0.667
0.733	0.667
0.734	-0.666
0.734	0.666
0.735	-0.665
0.735	0.665
0.736	-0.664
0.736	0.664
0.737	-0.663
0.737	0.663
0.738	-0.662
0.738	0.662
0.739	-0.661
0.739	0.661
0.74	-0.66
0.74	0.66
0.741	-0.659
0.741	0.659
0.742	-0.658
0.742	0.658
0.743	-0.657
0.743	0.657
0.744	-0.656
0.744	0.656
0.745	-0.655
0.745	0.655
0.746	-0.654
0.746	0.654
0.747	-0.653
0.747	0.653
0.748	-0.652
0.748	0.652
0.749	-0.651
0.749	0.651
0.75	-0.65
0.75	0.65
0.751	-0.649
0.751	0.649
0.752	-0.648
0.752	0.648
0.753	-0.647
0.753	0.647
0.754	-0.646
0.754	0.646
0.755	-0.645
0.755	0.645
0.756	-0.644
0.756	0.644
0.757	-0.643
0.757	0.643
0.758	-0.642
0.758	0.642
0.759	-0.641
0.759	0.641
0.76	-0.64
0.76	0.64
0.761	-0.639
0.761	0.639
0.762	-0.638
0.762	0.638
0.763	-0.637
0.763	0.637
0.764	-0.636
0.764	0.636
0.765	-0.635
0.765	0.635
0.766	-0.634
0.766	0.634
0.767	-0.633
0.767	0.633
0.768	-0.632
0.768	0.632
0.769	-0.631
0.769	0.631
0.77	-0.63
0.77	0.63
0.771	-0.629
0.771	0.629
0.772	-0.628
0.772	0.628
0.773	-0.627
0.773	0.627
0.774	-0.626
0.774	0.626
0.775	-0.625
0.775	0.625
0.776	-0.624
0.776	0.624
0.777	-0.623
0.777	0.623
0.778	-0.622
0.778	0.622
0.779	-0.621
0.779	0.621
0.78	-0.62
0.78	0.62
0.781	-0.619
0.781	0.619
0.782	-0.618
0.782	0.618
0.783	-0.617
0.783	0.617
0.784	-0.616
0.784	0.616
0.785	-0.615
0.785	0.615
0.786	-0.614
0.786	0.614
0.787	-0.613
0.787	0.613
0.788	-0.612
0.788	0.612
0.789	-0.611
0.789	0.611
0.79	-0.61
0.79	0.61
0.791	-0.609
0.791	0.609
0.792	-0.608
0.792	0.608
0.793	-0.607
0.793	0.607
0.794	-0.606
0.794	0.606
0.795	-0.605
0.795	0.605
0.796	-0.604
0.796	0.604
0.797	-0.603
0.797	0.603
0.798	-0.602
0.798	0.602
0.799	-0.601
0.799	0.601
0.8	-0.6
0.8	-0.599
0.8	0.599
0.8	0.6
0.801	-0.599
0.801	-0.598
0.801	0.598
0.801	0.599
0.802	-0.597
0.802	-0.596
0.802	0.596
0.802	0.597
0.803	-0.595
0.803	-0.594
0.803	0.594
0.803	0.595
0.804	-0.593
0.804	-0.592
0.804	0.592
0.804	0.593
0.805	-0.592
0.805	-0.591
0.805	0.591
0.805	0.592
0.806	-0.59
0.806	-0.589
0.806	0.589
0.806	0.59
0.807	-0.588
0.807	-0.587
0.807	0.587
0.807	0.588
0.808	-0.586
0.808	-0.585
0.808	0.585
0.808	0.586
0.809	-0.584
0.809	-0.583
0.809	0.583
0.809	0.584
0.81	-0.583
0.81	-0.582
0.81	0.581
0.81	0.582
0.81	0.583
0.811	-0.581
0.811	-0.58
0.811	0.58
0.811	0.581
0.812	-0.579
0.812	-0.578
0.812	0.578
0.812	0.579
0.813	-0.577
0.813	-0.576
0.813	0.576
0.813	0.577
0.814	-0.575
0.814	-0.574
0.814	0.574
0.814	0.575
0.815	-0.573
0.815	-0.572
0.815	0.573
0.816	-0.572
0.816	-0.571
0.816	0.571
0.816	0.572
0.817	-0.57
0.817	-0.569
0.817	0.569
0.817	0.57
0.818	-0.568
0.818	-0.567
0.818	0.567
0.818	0.568
0.819	-0.566
0.819	-0.565
0.819	0.565
0.819	0.566
0.82	-0.564
0.82	-0.563
0.82	0.563
0.82	0.564
0.821	-0.563
0.821	-0.562
0.821	0.562
0.821	0.563
0.822	-0.561
0.822	-0.56
0.822	0.56
0.822	0.561
0.823	-0.559
0.823	-0.558
0.823	0.558
0.823	0.559
0.824	-0.557
0.824	-0.556
0.824	0.556
0.824	0.557
0.825	-0.555
0.825	-0.554
0.825	0.555
0.826	-0.554
0.826	-0.553
0.826	0.553
0.826	0.554
0.827	-0.552
0.827	-0.551
0.827	0.551
0.827	0.552
0.828	-0.55
0.828	-0.549
0.828	0.549
0.828	0.55
0.829	-0.548
0.829	-0.547
0.829	0.547
0.829	0.548
0.83	-0.547
0.83	-0.546
0.83	0.546
0.83	0.547
0.831	-0.545
0.831	-0.544
0.831	0.544
0.831	0.545
0.832	-0.543
0.832	-0.542
0.832	0.542
0.832	0.543
0.833	-0.541
0.833	-0.54
0.833	0.54
0.833	0.541
0.834	-0.539
0.834	-0.538
0.834	0.538
0.834	0.539
0.835	-0.537
0.835	-0.536
0.835	0.536
0.835	0.537
0.836	-0.536
0.836	-0.535
0.836	0.535
0.836	0.536
0.837	-0.534
0.837	-0.533
0.837	0.533
0.837	0.534
0.838	-0.532
0.838	-0.531
0.838	0.531
0.838	0.532
0.839	-0.53
0.839	-0.529
0.839	0.529
0.839	0.53
0.84	-0.528
0.84	-0.527
0.84	0.528
0.84	0.529
0.841	-0.527
0.841	-0.526
0.841	0.526
0.841	0.527
0.842	-0.525
0.842	-0.524
0.842	0.524
0.842	0.525
0.843	-0.523
0.843	-0.522
0.843	0.522
0.843	0.523
0.844	-0.521
0.844	-0.52
0.844	0.52
0.844	0.521
0.845	-0.519
0.845	-0.518
0.845	0.518
0.845	0.519
0.846	-0.518
0.846	-0.517
0.846	0.517
0.846	0.518
0.847	-0.516
0.847	-0.515
0.847	0.515
0.847	0.516
0.848	-0.514
0.848	-0.513
0.848	0.513
0.848	0.514
0.849	-0.512
0.849	-0.511
0.849	0.511
0.849	0.512
0.85	-0.511
0.85	-0.51
0.85	0.51
0.85	0.511
0.851	-0.509
0.851	-0.508
0.851	0.508
0.851	0.509
0.852	-0.507
0.852	-0.506
0.852	0.506
0.852	0.507
0.853	-0.505
0.853	-0.504
0.853	0.504
0.853	0.505
0.854	-0.503
0.854	-0.502
0.854	0.502
0.854	0.503
0.855	-0.502
0.855	-0.501
0.855	0.501
0.856	-0.5
0.856	-0.499
0.856	0.499
0.856	0.5
0.857	-0.498
0.857	-0.497
0.857	0.497
0.857	0.498
0.858	-0.496
0.858	-0.495
0.858	0.495
0.858	0.496
0.859	-0.494
0.859	-0.493
0.859	0.493
0.859	0.494
0.86	-0.492
0.86	-0.491
0.86	0.491
0.86	0.492
0.861	-0.491
0.861	-0.49
0.861	0.49
0.861	0.491
0.862	-0.489
0.862	-0.488
0.862	0.488
0.862	0.489
0.863	-0.487
0.863	-0.486
0.863	0.486
0.863	0.487
0.864	-0.485
0.864	-0.484
0.864	0.484
0.864	0.485
0.865	-0.484
0.865	-0.483
0.865	0.482
0.865	0.483
0.865	0.484
0.866	-0.482
0.866	-0.481
0.866	0.481
0.866	0.482
0.867	-0.48
0.867	-0.479
0.867	0.479
0.867	0.48
0.868	-0.478
0.868	-0.477
0.868	0.477
0.868	0.478
0.869	-0.476
0.869	-0.475
0.869	0.475
0.869	0.476
0.87	-0.475
0.87	-0.474
0.87	0.474
0.871	-0.473
0.871	-0.472
0.871	0.472
0.871	0.473
0.872	-0.471
0.872	-0.47
0.872	0.47
0.872	0.471
0.873	-0.469
0.873	-0.468
0.873	0.468
0.873	0.469
0.874	-0.467
0.874	-0.466
0.874	0.466
0.874	0.467
0.875	-0.466
0.875	-0.465
0.875	0.465
0.875	0.466
0.876	-0.464
0.876	-0.463
0.876	0.463
0.876	0.464
0.877	-0.462
0.877	-0.461
0.877	0.461
0.877	0.462
0.878	-0.46
0.878	-0.459
0.878	0.459
0.878	0.46
0.879	-0.458
0.879	-0.457
0.879	0.457
0.879	0.458
0.88	-0.456
0.88	-0.455
0.88	0.455
0.88	0.456
0.881	-0.455
0.881	-0.454
0.881	0.454
0.881	0.455
0.882	-0.453
0.882	-0.452
0.882	0.452
0.882	0.453
0.883	-0.451
0.883	-0.45
0.883	0.45
0.883	0.451
0.884	-0.449
0.884	-0.448
0.884	0.448
0.884	0.449
0.885	-0.447
0.885	-0.446
0.885	0.447
0.886	-0.446
0.886	-0.445
0.886	0.445
0.886	0.446
0.887	-0.444
0.887	-0.443
0.887	0.443
0.887	0.444
0.888	-0.442
0.888	-0.441
0.888	0.441
0.888	0.442
0.889	-0.44
0.889	-0.439
0.889	0.439
0.889	0.44
0.89	-0.438
0.89	-0.437
0.89	0.437
0.89	0.438
0.891	-0.437
0.891	-0.436
0.891	0.436
0.891	0.437
0.892	-0.435
0.892	-0.434
0.892	0.434
0.892	0.435
0.893	-0.433
0.893	-0.432
0.893	0.432
0.893	0.433
0.894	-0.431
0.894	-0.43
0.894	0.43
0.894	0.431
0.895	-0.43
0.895	-0.429
0.895	0.429
0.895	0.43
0.896	-0.428
0.896	-0.427
0.896	0.427
0.896	0.428
0.897	-0.426
0.897	-0.425
0.897	0.425
0.897	0.426
0.898	-0.424
0.898	-0.423
0.898	0.423
0.898	0.424
0.899	-0.422
0.899	-0.421
0.899	0.421
0.899	0.422
0.9	-0.42
0.9	-0.419
0.9	0.419
0.9	0.42
0.901	-0.419
0.901	-0.418
0.901	0.418
0.901	0.419
0.902	-0.417
0.902	-0.416
0.902	0.416
0.902	0.417
0.903	-0.415
0.903	-0.414
0.903	0.414
0.903	0.415
0.904	-0.413
0.904	-0.412
0.904	0.412
0.904	0.413
0.905	-0.411
0.905	-0.41
0.905	0.41
0.905	0.411
0.906	-0.41
0.906	-0.409
0.906	0.409
0.906	0.41
0.907	-0.408
0.907	-0.407
0.907	0.407
0.907	0.408
0.908	-0.406
0.908	-0.405
0.908	0.405
0.908	0.406
0.909	-0.404
0.909	-0.403
0.909	0.403
0.909	0.404
0.91	-0.403
0.91	-0.402
0.91	0.401
0.91	0.402
0.91	0.403
0.911	-0.401
0.911	-0.4
0.911	-0.399
0.911	0.399
0.911	0.4
0.911	0.401
0.912	-0.399
0.912	-0.398
0.912	-0.397
0.912	-0.396
0.912	0.396
0.912	0.397
0.912	0.398
0.913	-0.396
0.913	-0.395
0.913	-0.394
0.913	-0.393
0.913	0.393
0.913	0.394
0.913	0.395
0.914	-0.393
0.914	-0.392
0.914	-0.391
0.914	-0.39
0.914	0.39
0.914	0.391
0.914	0.392
0.914	0.393
0.915	-0.389
0.915	-0.388
0.915	-0.387
0.915	0.387
0.915	0.388
0.915	0.389
0.915	0.39
0.916	-0.386
0.916	-0.385
0.916	-0.384
0.916	0.384
0.916	0.385
0.916	0.386
0.917	-0.383
0.917	-0.382
0.917	-0.381
0.917	0.381
0.917	0.382
0.917	0.383
0.918	-0.38
0.918	-0.379
0.918	-0.378
0.918	0.378
0.918	0.379
0.918	0.38
0.919	-0.377
0.919	-0.376
0.919	-0.375
0.919	0.375
0.919	0.376
0.919	0.377
0.92	-0.374
0.92	-0.373
0.92	-0.372
0.92	0.372
0.92	0.373
0.92	0.374
0.921	-0.371
0.921	-0.37
0.921	-0.369
0.921	0.369
0.921	0.37
0.921	0.371
0.922	-0.369
0.922	-0.368
0.922	-0.367
0.922	-0.366
0.922	0.366
0.922	0.367
0.922	0.368
0.923	-0.365
0.923	-0.364
0.923	-0.363
0.923	0.363
0.923	0.364
0.923	0.365
0.924	-0.362
0.924	-0.361
0.924	-0.36
0.924	0.36
0.924	0.361
0.924	0.362
0.925	-0.359
0.925	-0.358
0.925	-0.357
0.925	0.357
0.925	0.358
0.925	0.359
0.926	-0.357
0.926	-0.356
0.926	-0.355
0.926	-0.354
0.926	0.354
0.926	0.355
0.926	0.356
0.927	-0.354
0.927	-0.353
0.927	-0.352
0.927	-0.351
0.927	0.351
0.927	0.352
0.927	0.353
0.927	0.354
0.928	-0.35
0.928	-0.349
0.928	-0.348
0.928	0.348
0.928	0.349
0.928	0.35
0.928	0.351
0.929	-0.348
0.929	-0.347
0.929	-0.346
0.929	-0.345
0.929	0.345
0.929	0.346
0.929	0.347
0.929	0.348
0.93	-0.345
0.93	-0.344
0.93	-0.343
0.93	-0.342
0.93	0.342
0.93	0.343
0.93	0.344
0.931	-0.342
0.931	-0.341
0.931	-0.34
0.931	-0.339
0.931	0.339
0.931	0.34
0.931	0.341
0.931	0.342
0.932	-0.339
0.932	-0.338
0.932	-0.337
0.932	-0.336
0.932	0.336
0.932	0.337
0.932	0.338
0.933	-0.335
0.933	-0.334
0.933	-0.333
0.933	0.333
0.933	0.334
0.933	0.335
0.934	-0.333
0.934	-0.332
0.934	-0.331
0.934	-0.33
0.934	0.33
0.934	0.331
0.934	0.332
0.934	0.333
0.935	-0.33
0.935	-0.329
0.935	-0.328
0.935	-0.327
0.935	0.327
0.935	0.328
0.935	0.329
0.935	0.33
0.936	-0.326
0.936	-0.325
0.936	-0.324
0.936	0.324
0.936	0.325
0.936	0.326
0.937	-0.323
0.937	-0.322
0.937	-0.321
0.937	0.321
0.937	0.322
0.937	0.323
0.938	-0.32
0.938	-0.319
0.938	-0.318
0.938	0.318
0.938	0.319
0.938	0.32
0.939	-0.318
0.939	-0.317
0.939	-0.316
0.939	-0.315
0.939	0.315
0.939	0.316
0.939	0.317
0.94	-0.314
0.94	-0.313
0.94	-0.312
0.94	0.312
0.94	0.313
0.94	0.314
0.941	-0.311
0.941	-0.31
0.941	-0.309
0.941	0.309
0.941	0.31
0.941	0.311
0.942	-0.309
0.942	-0.308
0.942	-0.307
0.942	-0.306
0.942	0.306
0.942	0.307
0.942	0.308
0.942	0.309
0.943	-0.306
0.943	-0.305
0.943	-0.304
0.943	-0.303
0.943	0.303
0.943	0.304
0.943	0.305
0.943	0.306
0.944	-0.302
0.944	-0.301
0.944	-0.3
0.944	0.3
0.944	0.301
0.944	0.302
0.945	-0.3
0.945	-0.299
0.945	-0.298
0.945	-0.297
0.945	0.297
0.945	0.298
0.945	0.299
0.946	-0.296
0.946	-0.295
0.946	-0.294
0.946	0.294
0.946	0.295
0.946	0.296
0.947	-0.293
0.947	-0.292
0.947	-0.291
0.947	0.291
0.947	0.292
0.947	0.293
0.948	-0.29
0.948	-0.289
0.948	-0.288
0.948	0.288
0.948	0.289
0.948	0.29
0.949	-0.288
0.949	-0.287
0.949	-0.286
0.949	-0.285
0.949	0.285
0.949	0.286
0.949	0.287
0.949	0.288
0.95	-0.285
0.95	-0.284
0.95	-0.283
0.95	-0.282
0.95	0.282
0.95	0.283
0.95	0.284
0.95	0.285
0.951	-0.281
0.951	-0.28
0.951	-0.279
0.951	0.279
0.951	0.28
0.951	0.281
0.951	0.282
0.952	-0.279
0.952	-0.278
0.952	-0.277
0.952	-0.276
0.952	0.276
0.952	0.277
0.952	0.278
0.952	0.279
0.953	-0.276
0.953	-0.275
0.953	-0.274
0.953	-0.273
0.953	0.273
0.953	0.274
0.953	0.275
0.953	0.276
0.954	-0.272
0.954	-0.271
0.954	-0.27
0.954	0.27
0.954	0.271
0.954	0.272
0.954	0.273
0.955	-0.27
0.955	-0.269
0.955	-0.268
0.955	-0.267
0.955	0.267
0.955	0.268
0.955	0.269
0.955	0.27
0.956	-0.267
0.956	-0.266
0.956	-0.265
0.956	-0.264
0.956	0.264
0.956	0.265
0.956	0.266
0.956	0.267
0.957	-0.264
0.957	-0.263
0.957	-0.262
0.957	-0.261
0.957	0.261
0.957	0.262
0.957	0.263
0.957	0.264
0.958	-0.26
0.958	-0.259
0.958	-0.258
0.958	0.258
0.958	0.259
0.958	0.26
0.959	-0.257
0.959	-0.256
0.959	-0.255
0.959	0.255
0.959	0.256
0.959	0.257
0.96	-0.254
0.96	-0.253
0.96	-0.252
0.96	0.252
0.96	0.253
0.96	0.254
0.961	-0.251
0.961	-0.25
0.961	-0.249
0.961	0.249
0.961	0.25
0.961	0.251
0.962	-0.248
0.962	-0.247
0.962	-0.246
0.962	0.246
0.962	0.247
0.962	0.248
0.962	0.249
0.963	-0.245
0.963	-0.244
0.963	-0.243
0.963	0.243
0.963	0.244
0.963	0.245
0.964	-0.243
0.964	-0.242
0.964	-0.241
0.964	-0.24
0.964	0.24
0.964	0.241
0.964	0.242
0.965	-0.239
0.965	-0.238
0.965	-0.237
0.965	0.237
0.965	0.238
0.965	0.239
0.966	-0.236
0.966	-0.235
0.966	-0.234
0.966	0.234
0.966	0.235
0.966	0.236
0.967	-0.233
0.967	-0.232
0.967	-0.231
0.967	0.231
0.967	0.232
0.967	0.233
0.968	-0.23
0.968	-0.229
0.968	-0.228
0.968	0.228
0.968	0.229
0.968	0.23
0.968	0.231
0.969	-0.228
0.969	-0.227
0.969	-0.226
0.969	-0.225
0.969	0.225
0.969	0.226
0.969	0.227
0.969	0.228
0.97	-0.224
0.97	-0.223
0.97	-0.222
0.97	0.222
0.97	0.223
0.97	0.224
0.971	-0.221
0.971	-0.22
0.971	-0.219
0.971	0.219
0.971	0.22
0.971	0.221
0.972	-0.219
0.972	-0.218
0.972	-0.217
0.972	-0.216
0.972	0.216
0.972	0.217
0.972	0.218
0.972	0.219
0.973	-0.216
0.973	-0.215
0.973	-0.214
0.973	-0.213
0.973	0.213
0.973	0.214
0.973	0.215
0.974	-0.213
0.974	-0.212
0.974	-0.211
0.974	-0.21
0.974	0.21
0.974	0.211
0.974	0.212
0.974	0.213
0.975	-0.209
0.975	-0.208
0.975	-0.207
0.975	0.207
0.975	0.208
0.975	0.209
0.975	0.21
0.976	-0.207
0.976	-0.206
0.976	-0.205
0.976	-0.204
0.976	0.204
0.976	0.205
0.976	0.206
0.976	0.207
0.977	-0.204
0.977	-0.203
0.977	-0.202
0.977	-0.201
0.977	0.201
0.977	0.202
0.977	0.203
0.977	0.204
0.978	-0.201
0.978	-0.2
0.978	-0.199
0.978	-0.198
0.978	-0.197
0.978	-0.196
0.978	-0.195
0.978	-0.194
0.978	-0.193
0.978	0.193
0.978	0.194
0.978	0.195
0.978	0.196
0.978	0.197
0.978	0.198
0.978	0.199
0.978	0.2
0.979	-0.193
0.979	-0.192
0.979	-0.191
0.979	-0.19
0.979	-0.189
0.979	-0.188
0.979	-0.187
0.979	-0.186
0.979	-0.185
0.979	-0.184
0.979	0.185
0.979	0.186
0.979	0.187
0.979	0.188
0.979	0.189
0.979	0.19
0.979	0.191
0.979	0.192
0.979	0.193
0.98	-0.184
0.98	-0.183
0.98	-0.182
0.98	-0.181
0.98	-0.18
0.98	-0.179
0.98	-0.178
0.98	-0.177
0.98	-0.176
0.98	-0.175
0.98	0.175
0.98	0.176
0.98	0.177
0.98	0.178
0.98	0.179
0.98	0.18
0.98	0.181
0.98	0.182
0.98	0.183
0.98	0.184
0.981	-0.176
0.981	-0.175
0.981	-0.174
0.981	-0.173
0.981	-0.172
0.981	-0.171
0.981	-0.17
0.981	-0.169
0.981	-0.168
0.981	-0.167
0.981	0.166
0.981	0.167
0.981	0.168
0.981	0.169
0.981	0.17
0.981	0.171
0.981	0.172
0.981	0.173
0.981	0.174
0.981	0.175
0.981	0.176
0.982	-0.167
0.982	-0.166
0.982	-0.165
0.982	-0.164
0.982	-0.163
0.982	-0.162
0.982	-0.161
0.982	-0.16
0.982	-0.159
0.982	-0.158
0.982	0.158
0.982	0.159
0.982	0.16
0.982	0.161
0.982	0.162
0.982	0.163
0.982	0.164
0.982	0.165
0.982	0.166
0.982	0.167
0.983	-0.158
0.983	-0.157
0.983	-0.156
0.983	-0.155
0.983	-0.154
0.983	-0.153
0.983	-0.152
0.983	-0.151
0.983	-0.15
0.983	-0.149
0.983	0.149
0.983	0.15
0.983	0.151
0.983	0.152
0.983	0.153
0.983	0.154
0.983	0.155
0.983	0.156
0.983	0.157
0.984	-0.149
0.984	-0.148
0.984	-0.147
0.984	-0.146
0.984	-0.145
0.984	-0.144
0.984	-0.143
0.984	-0.142
0.984	-0.141
0.984	-0.14
0.984	0.14
0.984	0.141
0.984	0.142
0.984	0.143
0.984	0.144
0.984	0.145
0.984	0.146
0.984	0.147
0.984	0.148
0.984	0.149
0.985	-0.139
0.985	-0.138
0.985	-0.137
0.985	-0.136
0.985	-0.135
0.985	-0.134
0.985	-0.133
0.985	-0.132
0.985	-0.131
0.985	-0.13
0.985	0.13
0.985	0.131
0.985	0.132
0.985	0.133
0.985	0.134
0.985	0.135
0.985	0.136
0.985	0.137
0.985	0.138
0.985	0.139
0.986	-0.13
0.986	-0.129
0.986	-0.128
0.986	-0.127
0.986	-0.126
0.986	-0.125
0.986	-0.124
0.986	-0.123
0.986	-0.122
0.986	-0.121
0.986	0.121
0.986	0.122
0.986	0.123
0.986	0.124
0.986	0.125
0.986	0.126
0.986	0.127
0.986	0.128
0.986	0.129
0.986	0.13
0.987	-0.122
0.987	-0.121
0.987	-0.12
0.987	-0.119
0.987	-0.118
0.987	-0.117
0.987	-0.116
0.987	-0.115
0.987	-0.114
0.987	-0.113
0.987	-0.112
0.987	0.113
0.987	0.114
0.987	0.115
0.987	0.116
0.987	0.117
0.987	0.118
0.987	0.119
0.987	0.12
0.987	0.121
0.987	0.122
0.988	-0.112
0.988	-0.111
0.988	-0.11
0.988	-0.109
0.988	-0.108
0.988	-0.107
0.988	-0.106
0.988	-0.105
0.988	-0.104
0.988	-0.103
0.988	0.104
0.988	0.105
0.988	0.106
0.988	0.107
0.988	0.108
0.988	0.109
0.988	0.11
0.988	0.111
0.988	0.112
0.989	-0.103
0.989	-0.102
0.989	-0.101
0.989	-0.1
0.989	-0.099
0.989	-0.098
0.989	-0.097
0.989	-0.096
0.989	-0.095
0.989	-0.094
0.989	0.094
0.989	0.095
0.989	0.096
0.989	0.097
0.989	0.098
0.989	0.099
0.989	0.1
0.989	0.101
0.989	0.102
0.989	0.103
0.99	-0.095
0.99	-0.094
0.99	-0.093
0.99	-0.092
0.99	-0.091
0.99	-0.09
0.99	-0.089
0.99	-0.088
0.99	-0.087
0.99	-0.086
0.99	0.086
0.99	0.087
0.99	0.088
0.99	0.089
0.99	0.09
0.99	0.091
0.99	0.092
0.99	0.093
0.99	0.094
0.99	0.095
0.991	-0.086
0.991	-0.085
0.991	-0.084
0.991	-0.083
0.991	-0.082
0.991	-0.081
0.991	-0.08
0.991	-0.079
0.991	-0.078
0.991	-0.077
0.991	0.077
0.991	0.078
0.991	0.079
0.991	0.08
0.991	0.081
0.991	0.082
0.991	0.083
0.991	0.084
0.991	0.085
0.991	0.086
0.992	-0.077
0.992	-0.076
0.992	-0.075
0.992	-0.074
0.992	-0.073
0.992	-0.072
0.992	-0.071
0.992	-0.07
0.992	-0.069
0.992	-0.068
0.992	0.068
0.992	0.069
0.992	0.07
0.992	0.071
0.992	0.072
0.992	0.073
0.992	0.074
0.992	0.075
0.992	0.076
0.992	0.077
0.993	-0.068
0.993	-0.067
0.993	-0.066
0.993	-0.065
0.993	-0.064
0.993	-0.063
0.993	-0.062
0.993	-0.061
0.993	-0.06
0.993	-0.059
0.993	0.058
0.993	0.059
0.993	0.06
0.993	0.061
0.993	0.062
0.993	0.063
0.993	0.064
0.993	0.065
0.993	0.066
0.993	0.067
0.994	-0.058
0.994	-0.057
0.994	-0.056
0.994	-0.055
0.994	-0.054
0.994	-0.053
0.994	-0.052
0.994	-0.051
0.994	-0.05
0.994	-0.049
0.994	0.049
0.994	0.05
0.994	0.051
0.994	0.052
0.994	0.053
0.994	0.054
0.994	0.055
0.994	0.056
0.994	0.057
0.994	0.058
0.995	-0.05
0.995	-0.049
0.995	-0.048
0.995	-0.047
0.995	-0.046
0.995	-0.045
0.995	-0.044
0.995	-0.043
0.995	-0.042
0.995	-0.041
0.995	0.041
0.995	0.042
0.995	0.043
0.995	0.044
0.995	0.045
0.995	0.046
0.995	0.047
0.995	0.048
0.995	0.049
0.995	0.05
0.996	-0.041
0.996	-0.04
0.996	-0.039
0.996	-0.038
0.996	-0.037
0.996	-0.036
0.996	-0.035
0.996	-0.034
0.996	-0.033
0.996	-0.032
0.996	0.032
0.996	0.033
0.996	0.034
0.996	0.035
0.996	0.036
0.996	0.037
0.996	0.038
0.996	0.039
0.996	0.04
0.996	0.041
0.997	-0.032
0.997	-0.031
0.997	-0.03
0.997	-0.029
0.997	-0.028
0.997	-0.027
0.997	-0.026
0.997	-0.025
0.997	-0.024
0.997	-0.023
0.997	0.023
0.997	0.024
0.997	0.025
0.997	0.026
0.997	0.027
0.997	0.028
0.997	0.029
0.997	0.03
0.997	0.031
0.997	0.032
0.998	-0.022
0.998	-0.021
0.998	-0.02
0.998	-0.019
0.998	-0.018
0.998	-0.017
0.998	-0.016
0.998	-0.015
0.998	-0.014
0.998	-0.013
0.998	0.013
0.998	0.014
0.998	0.015
0.998	0.016
0.998	0.017
0.998	0.018
0.998	0.019
0.998	0.02
0.998	0.021
0.998	0.022
0.999	-0.013
0.999	-0.012
0.999	-0.011
0.999	-0.01
0.999	-0.009
0.999	-0.008
0.999	-0.007
0.999	-0.006
0.999	-0.005
0.999	-0.004
0.999	0.005
0.999	0.006
0.999	0.007
0.999	0.008
0.999	0.009
0.999	0.01
0.999	0.011
0.999	0.012
0.999	0.013
1.0	-0.004
1.0	-0.003
1.0	-0.002
1.0	-0.001
1.0	0.0
1.0	0.001
1.0	0.002
1.0	0.003
1.0	0.004
