-0.978	-0.154
-0.978	-0.153
-0.978	-0.152
-0.978	-0.151
-0.978	-0.15
-0.978	-0.149
-0.978	-0.148
-0.978	-0.147
-0.978	-0.146
-0.978	-0.145
-0.978	-0.144
-0.978	-0.143
-0.978	-0.142
-0.978	-0.141
-0.978	-0.14
-0.978	-0.139
-0.978	-0.138
-0.978	-0.137
-0.978	-0.136
-0.978	-0.135
-0.978	-0.134
-0.978	-0.133
-0.978	-0.132
-0.978	-0.131
-0.978	-0.13
-0.978	-0.129
-0.978	-0.128
-0.978	-0.127
-0.978	-0.126
-0.978	-0.125
-0.978	-0.124
-0.978	-0.123
-0.978	-0.122
-0.978	-0.121
-0.978	-0.12
-0.978	-0.119
-0.978	-0.118
-0.978	-0.117
-0.978	-0.116
-0.978	-0.115
-0.978	-0.114
-0.978	-0.113
-0.978	-0.112
-0.978	-0.111
-0.978	-0.11
-0.978	-0.109
-0.978	-0.108
-0.978	-0.107
-0.978	-0.106
-0.978	-0.105
-0.978	-0.104
-0.978	-0.103
-0.978	-0.102
-0.978	-0.101
-0.978	-0.1
-0.978	-0.099
-0.978	-0.098
-0.978	-0.097
-0.978	-0.096
-0.978	-0.095
-0.978	-0.094
-0.978	-0.093
-0.978	-0.092
-0.978	-0.091
-0.978	-0.09
-0.978	-0.089
-0.978	-0.088
-0.978	-0.087
-0.978	-0.086
-0.978	-0.085
-0.978	-0.084
-0.978	-0.083
-0.978	-0.082
-0.978	-0.081
-0.978	-0.08
-0.978	-0.079
-0.978	-0.078
-0.978	-0.077
-0.978	-0.076
-0.978	-0.075
-0.978	-0.074
-0.978	-0.073
-0.978	-0.072
-0.978	-0.071
-0.978	-0.07
-0.978	-0.069
-0.978	-0.068
-0.978	-0.067
-0.978	-0.066
-0.978	-0.065
-0.978	-0.064
-0.978	-0.063
-0.978	-0.062
-0.978	-0.061
-0.978	-0.06
-0.978	-0.059
-0.978	-0.058
-0.978	-0.057
-0.978	-0.056
-0.978	-0.055
-0.978	-0.054
-0.978	-0.053
-0.978	-0.052
-0.978	-0.051
-0.978	-0.05
-0.978	-0.049
-0.978	-0.048
-0.978	-0.047
-0.978	-0.046
-0.978	-0.045
-0.978	-0.044
-0.978	-0.043
-0.978	-0.042
-0.978	-0.041
-0.978	-0.04
-0.978	-0.039
-0.978	-0.038
-0.978	-0.037
-0.978	-0.036
-0.978	-0.035
-0.978	-0.034
-0.978	-0.033
-0.978	-0.032
-0.978	-0.031
-0.978	-0.03
-0.978	-0.029
-0.978	-0.028
-0.978	-0.027
-0.978	-0.026
-0.978	-0.025
-0.978	-0.024
-0.978	-0.023
-0.978	-0.022
-0.978	-0.021
-0.978	-0.02
-0.978	-0.019
-0.978	-0.018
-0.978	-0.017
-0.978	-0.016
-0.978	-0.015
-0.978	-0.014
-0.978	-0.013
-0.978	-0.012
-0.978	-0.011
-0.978	-0.01
-0.978	-0.009
-0.978	-0.008
-0.978	-0.007
-0.978	-0.006
-0.978	-0.005
-0.978	-0.004
-0.978	-0.003
-0.978	-0.002
-0.978	-0.001
-0.978	0.0
-0.978	0.001
-0.978	0.002
-0.978	0.003
-0.978	0.004
-0.978	0.005
-0.978	0.006
-0.978	0.007
-0.978	0.008
-0.978	0.009
-0.978	0.01
-0.978	0.011
-0.978	0.012
-0.978	0.013
-0.978	0.014
-0.978	0.015
-0.978	0.016
-0.978	0.017
-0.978	0.018
-0.978	0.019
-0.978	0.02
-0.978	0.021
-0.978	0.022
-0.978	0.023
-0.978	0.024
-0.978	0.025
-0.978	0.026
-0.978	0.027
-0.978	0.028
-0.978	0.029
-0.978	0.03
-0.978	0.031
-0.978	0.032
-0.978	0.033
-0.978	0.034
-0.978	0.035
-0.978	0.036
-0.978	0.037
-0.978	0.038
-0.978	0.039
-0.978	0.04
-0.978	0.041
-0.978	0.042
-0.978	0.043
-0.978	0.044
-0.978	0.045
-0.978	0.046
-0.978	0.047
-0.978	0.048
-0.978	0.049
-0.978	0.05
-0.978	0.051
-0.978	0.052
-0.978	0.053
-0.978	0.054
-0.978	0.055
-0.978	0.056
-0.978	0.057
-0.978	0.058
-0.978	0.059
-0.978	0.06
-0.978	0.061
-0.978	0.062
-0.978	0.063
-0.978	0.064
-0.978	0.065
-0.978	0.066
-0.978	0.067
-0.978	0.068
-0.978	0.069
-0.978	0.07
-0.978	0.071
-0.978	0.072
-0.978	0.073
-0.978	0.074
-0.978	0.075
-0.978	0.076
-0.978	0.077
-0.978	0.078
-0.978	0.079
-0.978	0.08
-0.978	0.081
-0.978	0.082
-0.978	0.083
-0.978	0.084
-0.978	0.085
-0.978	0.086
-0.978	0.087
-0.978	0.088
-0.978	0.089
-0.978	0.09
-0.978	0.091
-0.978	0.092
-0.978	0.093
-0.978	0.094
-0.978	0.095
-0.978	0.096
-0.978	0.097
-0.978	0.098
-0.978	0.099
-0.978	0.1
-0.978	0.101
-0.978	0.102
-0.978	0.103
-0.978	0.104
-0.978	0.105
-0.978	0.106
-0.978	0.107
-0.978	0.108
-0.978	0.109
-0.978	0.11
-0.978	0.111
-0.978	0.112
-0.978	0.113
-0.978	0.114
-0.978	0.115
-0.978	0.116
-0.978	0.117
-0.978	0.118
-0.978	0.119
-0.978	0.12
-0.978	0.121
-0.978	0.122
-0.978	0.123
-0.978	0.124
-0.978	0.125
-0.978	0.126
-0.978	0.127
-0.978	0.128
-0.978	0.129
-0.978	0.13
-0.978	0.131
-0.978	0.132
-0.978	0.133
-0.978	0.134
-0.978	0.135
-0.978	0.136
-0.978	0.137
-0.978	0.138
-0.978	0.139
-0.978	0.14
-0.978	0.141
-0.978	0.142
-0.978	0.143
-0.978	0.144
-0.978	0.145
-0.978	0.146
-0.978	0.147
-0.978	0.148
-0.978	0.149
-0.978	0.15
-0.978	0.151
-0.978	0.152
-0.978	0.153
-0.978	0.154
-0.977	-0.157
-0.977	-0.156
-0.977	-0.155
-0.977	-0.154
-0.977	0.154
-0.977	0.155
-0.977	0.156
-0.977	0.157
-0.976	-0.16
-0.976	-0.159
-0.976	-0.158
-0.976	-0.157
-0.976	0.157
-0.976	0.158
-0.976	0.159
-0.976	0.16
-0.975	-0.163
-0.975	-0.162
-0.975	-0.161
-0.975	-0.16
-0.975	0.16
-0.975	0.161
-0.975	0.162
-0.975	0.163
-0.974	-0.166
-0.974	-0.165
-0.974	-0.164
-0.974	-0.163
-0.974	0.163
-0.974	0.164
-0.974	0.165
-0.974	0.166
-0.973	-0.169
-0.973	-0.168
-0.973	-0.167
-0.973	-0.166
-0.973	0.166
-0.973	0.167
-0.973	0.168
-0.973	0.169
-0.972	-0.172
-0.972	-0.171
-0.972	-0.17
-0.972	-0.169
-0.972	0.169
-0.972	0.17
-0.972	0.171
-0.972	0.172
-0.971	-0.175
-0.971	-0.174
-0.971	-0.173
-0.971	-0.172
-0.971	0.172
-0.971	0.173
-0.971	0.174
-0.971	0.175
-0.97	-0.178
-0.97	-0.177
-0.97	-0.176
-0.97	-0.175
-0.97	0.175
-0.97	0.176
-0.97	0.177
-0.97	0.178
-0.969	-0.181
-0.969	-0.18
-0.969	-0.179
-0.969	-0.178
-0.969	0.178
-0.969	0.179
-0.969	0.18
-0.969	0.181
-0.968	-0.184
-0.968	-0.183
-0.968	-0.182
-0.968	-0.181
-0.968	0.181
-0.968	0.182
-0.968	0.183
-0.968	0.184
-0.967	-0.187
-0.967	-0.186
-0.967	-0.185
-0.967	-0.184
-0.967	0.184
-0.967	0.185
-0.967	0.186
-0.967	0.187
-0.966	-0.19
-0.966	-0.189
-0.966	-0.188
-0.966	-0.187
-0.966	0.187
-0.966	0.188
-0.966	0.189
-0.966	0.19
-0.965	-0.193
-0.965	-0.192
-0.965	-0.191
-0.965	-0.19
-0.965	0.19
-0.965	0.191
-0.965	0.192
-0.965	0.193
-0.964	-0.196
-0.964	-0.195
-0.964	-0.194
-0.964	-0.193
-0.964	0.193
-0.964	0.194
-0.964	0.195
-0.964	0.196
-0.963	-0.199
-0.963	-0.198
-0.963	-0.197
-0.963	-0.196
-0.963	0.196
-0.963	0.197
-0.963	0.198
-0.963	0.199
-0.962	-0.202
-0.962	-0.201
-0.962	-0.2
-0.962	-0.199
-0.962	0.199
-0.962	0.2
-0.962	0.201
-0.962	0.202
-0.961	-0.205
-0.961	-0.204
-0.961	-0.203
-0.961	-0.202
-0.961	0.202
-0.961	0.203
-0.961	0.204
-0.961	0.205
-0.96	-0.208
-0.96	-0.207
-0.96	-0.206
-0.96	-0.205
-0.96	0.205
-0.96	0.206
-0.96	0.207
-0.96	0.208
-0.959	-0.211
-0.959	-0.21
-0.959	-0.209
-0.959	-0.208
-0.959	0.208
-0.959	0.209
-0.959	0.21
-0.959	0.211
-0.958	-0.214
-0.958	-0.213
-0.958	-0.212
-0.958	-0.211
-0.958	0.211
-0.958	0.212
-0.958	0.213
-0.958	0.214
-0.957	-0.217
-0.957	-0.216
-0.957	-0.215
-0.957	-0.214
-0.957	0.214
-0.957	0.215
-0.957	0.216
-0.957	0.217
-0.956	-0.22
-0.956	-0.219
-0.956	-0.218
-0.956	-0.217
-0.956	0.217
-0.956	0.218
-0.956	0.219
-0.956	0.22
-0.955	-0.223
-0.955	-0.222
-0.955	-0.221
-0.955	-0.22
-0.955	0.22
-0.955	0.221
-0.955	0.222
-0.955	0.223
-0.954	-0.226
-0.954	-0.225
-0.954	-0.224
-0.954	-0.223
-0.954	0.223
-0.954	0.224
-0.954	0.225
-0.954	0.226
-0.953	-0.229
-0.953	-0.228
-0.953	-0.227
-0.953	-0.226
-0.953	0.226
-0.953	0.227
-0.953	0.228
-0.953	0.229
-0.952	-0.232
-0.952	-0.231
-0.952	-0.23
-0.952	-0.229
-0.952	0.229
-0.952	0.23
-0.952	0.231
-0.952	0.232
-0.951	-0.235
-0.951	-0.234
-0.951	-0.233
-0.951	-0.232
-0.951	0.232
-0.951	0.233
-0.951	0.234
-0.951	0.235
-0.95	-0.238
-0.95	-0.237
-0.95	-0.236
-0.95	-0.235
-0.95	0.235
-0.95	0.236
-0.95	0.237
-0.95	0.238
-0.949	-0.241
-0.949	-0.24
-0.949	-0.239
-0.949	-0.238
-0.949	0.238
-0.949	0.239
-0.949	0.24
-0.949	0.241
-0.948	-0.244
-0.948	-0.243
-0.948	-0.242
-0.948	-0.241
-0.948	0.241
-0.948	0.242
-0.948	0.243
-0.948	0.244
-0.947	-0.247
-0.947	-0.246
-0.947	-0.245
-0.947	-0.244
-0.947	0.244
-0.947	0.245
-0.947	0.246
-0.947	0.247
-0.946	-0.25
-0.946	-0.249
-0.946	-0.248
-0.946	-0.247
-0.946	0.247
-0.946	0.248
-0.946	0.249
-0.946	0.25
-0.945	-0.253
-0.945	-0.252
-0.945	-0.251
-0.945	-0.25
-0.945	0.25
-0.945	0.251
-0.945	0.252
-0.945	0.253
-0.944	-0.256
-0.944	-0.255
-0.944	-0.254
-0.944	-0.253
-0.944	0.253
-0.944	0.254
-0.944	0.255
-0.944	0.256
-0.943	-0.259
-0.943	-0.258
-0.943	-0.257
-0.943	-0.256
-0.943	0.256
-0.943	0.257
-0.943	0.258
-0.943	0.259
-0.942	-0.262
-0.942	-0.261
-0.942	-0.26
-0.942	-0.259
-0.942	0.259
-0.942	0.26
-0.942	0.261
-0.942	0.262
-0.941	-0.265
-0.941	-0.264
-0.941	-0.263
-0.941	-0.262
-0.941	0.262
-0.941	0.263
-0.941	0.264
-0.941	0.265
-0.94	-0.268
-0.94	-0.267
-0.94	-0.266
-0.94	-0.265
-0.94	0.265
-0.94	0.266
-0.94	0.267
-0.94	0.268
-0.939	-0.271
-0.939	-0.27
-0.939	-0.269
-0.939	-0.268
-0.939	0.268
-0.939	0.269
-0.939	0.27
-0.939	0.271
-0.938	-0.274
-0.938	-0.273
-0.938	-0.272
-0.938	-0.271
-0.938	0.271
-0.938	0.272
-0.938	0.273
-0.938	0.274
-0.937	-0.277
-0.937	-0.276
-0.937	-0.275
-0.937	-0.274
-0.937	0.274
-0.937	0.275
-0.937	0.276
-0.937	0.277
-0.936	-0.28
-0.936	-0.279
-0.936	-0.278
-0.936	-0.277
-0.936	0.277
-0.936	0.278
-0.936	0.279
-0.936	0.28
-0.935	-0.283
-0.935	-0.282
-0.935	-0.281
-0.935	-0.28
-0.935	0.28
-0.935	0.281
-0.935	0.282
-0.935	0.283
-0.934	-0.286
-0.934	-0.285
-0.934	-0.284
-0.934	-0.283
-0.934	0.283
-0.934	0.284
-0.934	0.285
-0.934	0.286
-0.933	-0.289
-0.933	-0.288
-0.933	-0.287
-0.933	-0.286
-0.933	0.286
-0.933	0.287
-0.933	0.288
-0.933	0.289
-0.932	-0.292
-0.932	-0.291
-0.932	-0.29
-0.932	-0.289
-0.932	0.289
-0.932	0.29
-0.932	0.291
-0.932	0.292
-0.931	-0.295
-0.931	-0.294
-0.931	-0.293
-0.931	-0.292
-0.931	0.292
-0.931	0.293
-0.931	0.294
-0.931	0.295
-0.93	-0.298
-0.93	-0.297
-0.93	-0.296
-0.93	-0.295
-0.93	0.295
-0.93	0.296
-0.93	0.297
-0.93	0.298
-0.929	-0.301
-0.929	-0.3
-0.929	-0.299
-0.929	-0.298
-0.929	0.298
-0.929	0.299
-0.929	0.3
-0.929	0.301
-0.928	-0.304
-0.928	-0.303
-0.928	-0.302
-0.928	-0.301
-0.928	0.301
-0.928	0.302
-0.928	0.303
-0.928	0.304
-0.927	-0.307
-0.927	-0.306
-0.927	-0.305
-0.927	-0.304
-0.927	0.304
-0.927	0.305
-0.927	0.306
-0.927	0.307
-0.926	-0.31
-0.926	-0.309
-0.926	-0.308
-0.926	-0.307
-0.926	0.307
-0.926	0.308
-0.926	0.309
-0.926	0.31
-0.925	-0.313
-0.925	-0.312
-0.925	-0.311
-0.925	-0.31
-0.925	0.31
-0.925	0.311
-0.925	0.312
-0.925	0.313
-0.924	-0.316
-0.924	-0.315
-0.924	-0.314
-0.924	-0.313
-0.924	0.313
-0.924	0.314
-0.924	0.315
-0.924	0.316
-0.923	-0.319
-0.923	-0.318
-0.923	-0.317
-0.923	-0.316
-0.923	0.316
-0.923	0.317
-0.923	0.318
-0.923	0.319
-0.922	-0.322
-0.922	-0.321
-0.922	-0.32
-0.922	-0.319
-0.922	0.319
-0.922	0.32
-0.922	0.321
-0.922	0.322
-0.921	-0.325
-0.921	-0.324
-0.921	-0.323
-0.921	-0.322
-0.921	0.322
-0.921	0.323
-0.921	0.324
-0.921	0.325
-0.92	-0.328
-0.92	-0.327
-0.92	-0.326
-0.92	-0.325
-0.92	0.325
-0.92	0.326
-0.92	0.327
-0.92	0.328
-0.919	-0.331
-0.919	-0.33
-0.919	-0.329
-0.919	-0.328
-0.919	0.328
-0.919	0.329
-0.919	0.33
-0.919	0.331
-0.918	-0.334
-0.918	-0.333
-0.918	-0.332
-0.918	-0.331
-0.918	0.331
-0.918	0.332
-0.918	0.333
-0.918	0.334
-0.917	-0.337
-0.917	-0.336
-0.917	-0.335
-0.917	-0.334
-0.917	0.334
-0.917	0.335
-0.917	0.336
-0.917	0.337
-0.916	-0.34
-0.916	-0.339
-0.916	-0.338
-0.916	-0.337
-0.916	0.337
-0.916	0.338
-0.916	0.339
-0.916	0.34
-0.915	-0.343
-0.915	-0.342
-0.915	-0.341
-0.915	-0.34
-0.915	0.34
-0.915	0.341
-0.915	0.342
-0.915	0.343
-0.914	-0.346
-0.914	-0.345
-0.914	-0.344
-0.914	-0.343
-0.914	0.343
-0.914	0.344
-0.914	0.345
-0.914	0.346
-0.913	-0.349
-0.913	-0.348
-0.913	-0.347
-0.913	-0.346
-0.913	0.346
-0.913	0.347
-0.913	0.348
-0.913	0.349
-0.912	-0.352
-0.912	-0.351
-0.912	-0.35
-0.912	-0.349
-0.912	0.349
-0.912	0.35
-0.912	0.351
-0.912	0.352
-0.911	-0.355
-0.911	-0.354
-0.911	-0.353
-0.911	-0.352
-0.911	0.352
-0.911	0.353
-0.911	0.354
-0.911	0.355
-0.91	-0.358
-0.91	-0.357
-0.91	-0.356
-0.91	-0.355
-0.91	0.355
-0.91	0.356
-0.91	0.357
-0.91	0.358
-0.909	-0.361
-0.909	-0.36
-0.909	-0.359
-0.909	-0.358
-0.909	0.358
-0.909	0.359
-0.909	0.36
-0.909	0.361
-0.908	-0.364
-0.908	-0.363
-0.908	-0.362
-0.908	-0.361
-0.908	0.361
-0.908	0.362
-0.908	0.363
-0.908	0.364
-0.907	-0.367
-0.907	-0.366
-0.907	-0.365
-0.907	-0.364
-0.907	0.364
-0.907	0.365
-0.907	0.366
-0.907	0.367
-0.906	-0.37
-0.906	-0.369
-0.906	-0.368
-0.906	-0.367
-0.906	0.367
-0.906	0.368
-0.906	0.369
-0.906	0.37
-0.905	-0.373
-0.905	-0.372
-0.905	-0.371
-0.905	-0.37
-0.905	0.37
-0.905	0.371
-0.905	0.372
-0.905	0.373
-0.904	-0.376
-0.904	-0.375
-0.904	-0.374
-0.904	-0.373
-0.904	0.373
-0.904	0.374
-0.904	0.375
-0.904	0.376
-0.903	-0.379
-0.903	-0.378
-0.903	-0.377
-0.903	-0.376
-0.903	0.376
-0.903	0.377
-0.903	0.378
-0.903	0.379
-0.902	-0.382
-0.902	-0.381
-0.902	-0.38
-0.902	-0.379
-0.902	0.379
-0.902	0.38
-0.902	0.381
-0.902	0.382
-0.901	-0.385
-0.901	-0.384
-0.901	-0.383
-0.901	-0.382
-0.901	0.382
-0.901	0.383
-0.901	0.384
-0.901	0.385
-0.9	-0.388
-0.9	-0.387
-0.9	-0.386
-0.9	-0.385
-0.9	0.385
-0.9	0.386
-0.9	0.387
-0.9	0.388
-0.899	-0.391
-0.899	-0.39
-0.899	-0.389
-0.899	-0.388
-0.899	0.388
-0.899	0.389
-0.899	0.39
-0.899	0.391
-0.898	-0.394
-0.898	-0.393
-0.898	-0.392
-0.898	-0.391
-0.898	0.391
-0.898	0.392
-0.898	0.393
-0.898	0.394
-0.897	-0.397
-0.897	-0.396
-0.897	-0.395
-0.897	-0.394
-0.897	0.394
-0.897	0.395
-0.897	0.396
-0.897	0.397
-0.896	-0.4
-0.896	-0.399
-0.896	-0.398
-0.896	-0.397
-0.896	0.397
-0.896	0.398
-0.896	0.399
-0.896	0.4
-0.895	-0.403
-0.895	-0.402
-0.895	-0.401
-0.895	-0.4
-0.895	0.4
-0.895	0.401
-0.895	0.402
-0.895	0.403
-0.894	-0.406
-0.894	-0.405
-0.894	-0.404
-0.894	-0.403
-0.894	0.403
-0.894	0.404
-0.894	0.405
-0.894	0.406
-0.893	-0.409
-0.893	-0.408
-0.893	-0.407
-0.893	-0.406
-0.893	0.406
-0.893	0.407
-0.893	0.408
-0.893	0.409
-0.892	-0.412
-0.892	-0.411
-0.892	-0.41
-0.892	-0.409
-0.892	0.409
-0.892	0.41
-0.892	0.411
-0.892	0.412
-0.891	-0.415
-0.891	-0.414
-0.891	-0.413
-0.891	-0.412
-0.891	0.412
-0.891	0.413
-0.891	0.414
-0.891	0.415
-0.89	-0.418
-0.89	-0.417
-0.89	-0.416
-0.89	-0.415
-0.89	0.415
-0.89	0.416
-0.89	0.417
-0.89	0.418
-0.889	-0.421
-0.889	-0.42
-0.889	-0.419
-0.889	-0.418
-0.889	0.418
-0.889	0.419
-0.889	0.42
-0.889	0.421
-0.888	-0.424
-0.888	-0.423
-0.888	-0.422
-0.888	-0.421
-0.888	0.421
-0.888	0.422
-0.888	0.423
-0.888	0.424
-0.887	-0.427
-0.887	-0.426
-0.887	-0.425
-0.887	-0.424
-0.887	0.424
-0.887	0.425
-0.887	0.426
-0.887	0.427
-0.886	-0.43
-0.886	-0.429
-0.886	-0.428
-0.886	-0.427
-0.886	0.427
-0.886	0.428
-0.886	0.429
-0.886	0.43
-0.885	-0.433
-0.885	-0.432
-0.885	-0.431
-0.885	-0.43
-0.885	0.43
-0.885	0.431
-0.885	0.432
-0.885	0.433
-0.884	-0.436
-0.884	-0.435
-0.884	-0.434
-0.884	-0.433
-0.884	0.433
-0.884	0.434
-0.884	0.435
-0.884	0.436
-0.883	-0.439
-0.883	-0.438
-0.883	-0.437
-0.883	-0.436
-0.883	0.436
-0.883	0.437
-0.883	0.438
-0.883	0.439
-0.882	-0.442
-0.882	-0.441
-0.882	-0.44
-0.882	-0.439
-0.882	0.439
-0.882	0.44
-0.882	0.441
-0.882	0.442
-0.881	-0.445
-0.881	-0.444
-0.881	-0.443
-0.881	-0.442
-0.881	0.442
-0.881	0.443
-0.881	0.444
-0.881	0.445
-0.88	-0.448
-0.88	-0.447
-0.88	-0.446
-0.88	-0.445
-0.88	0.445
-0.88	0.446
-0.88	0.447
-0.88	0.448
-0.879	-0.451
-0.879	-0.45
-0.879	-0.449
-0.879	-0.448
-0.879	0.448
-0.879	0.449
-0.879	0.45
-0.879	0.451
-0.878	-0.454
-0.878	-0.453
-0.878	-0.452
-0.878	-0.451
-0.878	0.451
-0.878	0.452
-0.878	0.453
-0.878	0.454
-0.877	-0.457
-0.877	-0.456
-0.877	-0.455
-0.877	-0.454
-0.877	0.454
-0.877	0.455
-0.877	0.456
-0.877	0.457
-0.876	-0.46
-0.876	-0.459
-0.876	-0.458
-0.876	-0.457
-0.876	0.457
-0.876	0.458
-0.876	0.459
-0.876	0.46
-0.875	-0.462
-0.875	-0.461
-0.875	-0.46
-0.875	0.46
-0.875	0.461
-0.875	0.462
-0.874	-0.463
-0.874	0.463
-0.873	-0.465
-0.873	-0.464
-0.873	0.464
-0.873	0.465
-0.872	-0.466
-0.872	0.466
-0.871	-0.468
-0.871	-0.467
-0.871	0.467
-0.871	0.468
-0.87	-0.469
-0.87	0.469
-0.869	-0.471
-0.869	-0.47
-0.869	0.47
-0.869	0.471
-0.868	-0.472
-0.868	0.472
-0.867	-0.474
-0.867	-0.473
-0.867	0.473
-0.867	0.474
-0.866	-0.475
-0.866	0.475
-0.865	-0.477
-0.865	-0.476
-0.865	0.476
-0.865	0.477
-0.864	-0.478
-0.864	0.478
-0.863	-0.48
-0.863	-0.479
-0.863	0.479
-0.863	0.48
-0.862	-0.481
-0.862	0.481
-0.861	-0.483
-0.861	-0.482
-0.861	0.482
-0.861	0.483
-0.86	-0.484
-0.86	0.484
-0.859	-0.486
-0.859	-0.485
-0.859	0.485
-0.859	0.486
-0.858	-0.487
-0.858	0.487
-0.857	-0.489
-0.857	-0.488
-0.857	0.488
-0.857	0.489
-0.856	-0.49
-0.856	0.49
-0.855	-0.492
-0.855	-0.491
-0.855	0.491
-0.855	0.492
-0.854	-0.493
-0.854	0.493
-0.853	-0.495
-0.853	-0.494
-0.853	0.494
-0.853	0.495
-0.852	-0.496
-0.852	0.496
-0.851	-0.498
-0.851	-0.497
-0.851	0.497
-0.851	0.498
-0.85	-0.499
-0.85	0.499
-0.849	-0.501
-0.849	-0.5
-0.849	0.5
-0.849	0.501
-0.848	-0.502
-0.848	0.502
-0.847	-0.504
-0.847	-0.503
-0.847	0.503
-0.847	0.504
-0.846	-0.505
-0.846	0.505
-0.845	-0.507
-0.845	-0.506
-0.845	0.506
-0.845	0.507
-0.844	-0.508
-0.844	0.508
-0.843	-0.51
-0.843	-0.509
-0.843	0.509
-0.843	0.51
-0.842	-0.511
-0.842	0.511
-0.841	-0.513
-0.841	-0.512
-0.841	0.512
-0.841	0.513
-0.84	-0.514
-0.84	0.514
-0.839	-0.516
-0.839	-0.515
-0.839	0.515
-0.839	0.516
-0.838	-0.517
-0.838	0.517
-0.837	-0.519
-0.837	-0.518
-0.837	0.518
-0.837	0.519
-0.836	-0.52
-0.836	0.52
-0.835	-0.522
-0.835	-0.521
-0.835	0.521
-0.835	0.522
-0.834	-0.523
-0.834	0.523
-0.833	-0.525
-0.833	-0.524
-0.833	0.524
-0.833	0.525
-0.832	-0.526
-0.832	0.526
-0.831	-0.528
-0.831	-0.527
-0.831	0.527
-0.831	0.528
-0.83	-0.529
-0.83	0.529
-0.829	-0.531
-0.829	-0.53
-0.829	0.53
-0.829	0.531
-0.828	-0.532
-0.828	0.532
-0.827	-0.534
-0.827	-0.533
-0.827	0.533
-0.827	0.534
-0.826	-0.535
-0.826	0.535
-0.825	-0.537
-0.825	-0.536
-0.825	0.536
-0.825	0.537
-0.824	-0.538
-0.824	0.538
-0.823	-0.54
-0.823	-0.539
-0.823	0.539
-0.823	0.54
-0.822	-0.541
-0.822	0.541
-0.821	-0.543
-0.821	-0.542
-0.821	0.542
-0.821	0.543
-0.82	-0.544
-0.82	0.544
-0.819	-0.546
-0.819	-0.545
-0.819	0.545
-0.819	0.546
-0.818	-0.547
-0.818	0.547
-0.817	-0.549
-0.817	-0.548
-0.817	0.548
-0.817	0.549
-0.816	-0.55
-0.816	0.55
-0.815	-0.552
-0.815	-0.551
-0.815	0.551
-0.815	0.552
-0.814	-0.553
-0.814	0.553
-0.813	-0.555
-0.813	-0.554
-0.813	0.554
-0.813	0.555
-0.812	-0.556
-0.812	0.556
-0.811	-0.558
-0.811	-0.557
-0.811	0.557
-0.811	0.558
-0.81	-0.559
-0.81	0.559
-0.809	-0.561
-0.809	-0.56
-0.809	0.56
-0.809	0.561
-0.808	-0.562
-0.808	0.562
-0.807	-0.564
-0.807	-0.563
-0.807	0.563
-0.807	0.564
-0.806	-0.565
-0.806	0.565
-0.805	-0.567
-0.805	-0.566
-0.805	0.566
-0.805	0.567
-0.804	-0.568
-0.804	0.568
-0.803	-0.57
-0.803	-0.569
-0.803	0.569
-0.803	0.57
-0.802	-0.571
-0.802	0.571
-0.801	-0.573
-0.801	-0.572
-0.801	0.572
-0.801	0.573
-0.8	-0.574
-0.8	0.574
-0.799	-0.576
-0.799	-0.575
-0.799	0.575
-0.799	0.576
-0.798	-0.577
-0.798	0.577
-0.797	-0.579
-0.797	-0.578
-0.797	0.578
-0.797	0.579
-0.796	-0.58
-0.796	0.58
-0.795	-0.582
-0.795	-0.581
-0.795	0.581
-0.795	0.582
-0.794	-0.583
-0.794	0.583
-0.793	-0.585
-0.793	-0.584
-0.793	0.584
-0.793	0.585
-0.792	-0.586
-0.792	0.586
-0.791	-0.588
-0.791	-0.587
-0.791	0.587
-0.791	0.588
-0.79	-0.589
-0.79	0.589
-0.789	-0.591
-0.789	-0.59
-0.789	0.59
-0.789	0.591
-0.788	-0.592
-0.788	0.592
-0.787	-0.594
-0.787	-0.593
-0.787	0.593
-0.787	0.594
-0.786	-0.595
-0.786	0.595
-0.785	-0.597
-0.785	-0.596
-0.785	0.596
-0.785	0.597
-0.784	-0.598
-0.784	0.598
-0.783	-0.6
-0.783	-0.599
-0.783	0.599
-0.783	0.6
-0.782	-0.601
-0.782	0.601
-0.781	-0.603
-0.781	-0.602
-0.781	0.602
-0.781	0.603
-0.78	-0.604
-0.78	0.604
-0.779	-0.606
-0.779	-0.605
-0.779	0.605
-0.779	0.606
-0.778	-0.607
-0.778	0.607
-0.777	-0.609
-0.777	-0.608
-0.777	0.608
-0.777	0.609
-0.776	-0.61
-0.776	0.61
-0.775	-0.612
-0.775	-0.611
-0.775	0.611
-0.775	0.612
-0.774	-0.613
-0.774	0.613
-0.773	-0.615
-0.773	-0.614
-0.773	0.614
-0.773	0.615
-0.772	-0.616
-0.772	0.616
-0.771	-0.618
-0.771	-0.617
-0.771	0.617
-0.771	0.618
-0.77	-0.619
-0.77	0.619
-0.769	-0.621
-0.769	-0.62
-0.769	0.62
-0.769	0.621
-0.768	-0.622
-0.768	-0.621
-0.768	0.621
-0.768	0.622
-0.767	-0.623
-0.767	-0.622
-0.767	0.622
-0.767	0.623
-0.766	-0.624
-0.766	-0.623
-0.766	0.623
-0.766	0.624
-0.765	-0.625
-0.765	-0.624
-0.765	0.624
-0.765	0.625
-0.764	-0.626
-0.764	-0.625
-0.764	0.625
-0.764	0.626
-0.763	-0.627
-0.763	-0.626
-0.763	0.626
-0.763	0.627
-0.762	-0.628
-0.762	-0.627
-0.762	0.627
-0.762	0.628
-0.761	-0.629
-0.761	-0.628
-0.761	0.628
-0.761	0.629
-0.76	-0.63
-0.76	-0.629
-0.76	0.629
-0.76	0.63
-0.759	-0.631
-0.759	-0.63
-0.759	0.63
-0.759	0.631
-0.758	-0.632
-0.758	-0.631
-0.758	0.631
-0.758	0.632
-0.757	-0.633
-0.757	-0.632
-0.757	0.632
-0.757	0.633
-0.756	-0.634
-0.756	-0.633
-0.756	0.633
-0.756	0.634
-0.755	-0.635
-0.755	-0.634
-0.755	0.634
-0.755	0.635
-0.754	-0.636
-0.754	-0.635
-0.754	0.635
-0.754	0.636
-0.753	-0.637
-0.753	-0.636
-0.753	0.636
-0.753	0.637
-0.752	-0.638
-0.752	-0.637
-0.752	0.637
-0.752	0.638
-0.751	-0.639
-0.751	-0.638
-0.751	0.638
-0.751	0.639
-0.75	-0.64
-0.75	-0.639
-0.75	0.639
-0.75	0.64
-0.749	-0.641
-0.749	-0.64
-0.749	0.64
-0.749	0.641
-0.748	-0.642
-0.748	-0.641
-0.748	0.641
-0.748	0.642
-0.747	-0.643
-0.747	-0.642
-0.747	0.642
-0.747	0.643
-0.746	-0.644
-0.746	-0.643
-0.746	0.643
-0.746	0.644
-0.745	-0.645
-0.745	-0.644
-0.745	0.644
-0.745	0.645
-0.744	-0.646
-0.744	-0.645
-0.744	0.645
-0.744	0.646
-0.743	-0.647
-0.743	-0.646
-0.743	0.646
-0.743	0.647
-0.742	-0.648
-0.742	-0.647
-0.742	0.647
-0.742	0.648
-0.741	-0.649
-0.741	-0.648
-0.741	0.648
-0.741	0.649
-0.74	-0.65
-0.74	-0.649
-0.74	0.649
-0.74	0.65
-0.739	-0.651
-0.739	-0.65
-0.739	0.65
-0.739	0.651
-0.738	-0.652
-0.738	-0.651
-0.738	0.651
-0.738	0.652
-0.737	-0.653
-0.737	-0.652
-0.737	0.652
-0.737	0.653
-0.736	-0.654
-0.736	-0.653
-0.736	0.653
-0.736	0.654
-0.735	-0.655
-0.735	-0.654
-0.735	0.654
-0.735	0.655
-0.734	-0.656
-0.734	-0.655
-0.734	0.655
-0.734	0.656
-0.733	-0.657
-0.733	-0.656
-0.733	0.656
-0.733	0.657
-0.732	-0.658
-0.732	-0.657
-0.732	0.657
-0.732	0.658
-0.731	-0.659
-0.731	-0.658
-0.731	0.658
-0.731	0.659
-0.73	-0.66
-0.73	-0.659
-0.73	0.659
-0.73	0.66
-0.729	-0.661
-0.729	-0.66
-0.729	0.66
-0.729	0.661
-0.728	-0.662
-0.728	-0.661
-0.728	0.661
-0.728	0.662
-0.727	-0.663
-0.727	-0.662
-0.727	0.662
-0.727	0.663
-0.726	-0.664
-0.726	-0.663
-0.726	0.663
-0.726	0.664
-0.725	-0.665
-0.725	-0.664
-0.725	0.664
-0.725	0.665
-0.724	-0.666
-0.724	-0.665
-0.724	0.665
-0.724	0.666
-0.723	-0.667
-0.723	-0.666
-0.723	0.666
-0.723	0.667
-0.722	-0.668
-0.722	-0.667
-0.722	0.667
-0.722	0.668
-0.721	-0.669
-0.721	-0.668
-0.721	0.668
-0.721	0.669
-0.72	-0.67
-0.72	-0.669
-0.72	0.669
-0.72	0.67
-0.719	-0.671
-0.719	-0.67
-0.719	0.67
-0.719	0.671
-0.718	-0.672
-0.718	-0.671
-0.718	0.671
-0.718	0.672
-0.717	-0.673
-0.717	-0.672
-0.717	0.672
-0.717	0.673
-0.716	-0.674
-0.716	-0.673
-0.716	0.673
-0.716	0.674
-0.715	-0.675
-0.715	-0.674
-0.715	0.674
-0.715	0.675
-0.714	-0.676
-0.714	-0.675
-0.714	0.675
-0.714	0.676
-0.713	-0.677
-0.713	-0.676
-0.713	0.676
-0.713	0.677
-0.712	-0.678
-0.712	-0.677
-0.712	0.677
-0.712	0.678
-0.711	-0.679
-0.711	-0.678
-0.711	0.678
-0.711	0.679
-0.71	-0.68
-0.71	-0.679
-0.71	0.679
-0.71	0.68
-0.709	-0.681
-0.709	-0.68
-0.709	0.68
-0.709	0.681
-0.708	-0.682
-0.708	-0.681
-0.708	0.681
-0.708	0.682
-0.707	-0.683
-0.707	-0.682
-0.707	0.682
-0.707	0.683
-0.706	-0.684
-0.706	-0.683
-0.706	0.683
-0.706	0.684
-0.705	-0.685
-0.705	-0.684
-0.705	0.684
-0.705	0.685
-0.704	-0.686
-0.704	-0.685
-0.704	0.685
-0.704	0.686
-0.703	-0.687
-0.703	-0.686
-0.703	0.686
-0.703	0.687
-0.702	-0.688
-0.702	-0.687
-0.702	0.687
-0.702	0.688
-0.701	-0.689
-0.701	-0.688
-0.701	0.688
-0.701	0.689
-0.7	-0.69
-0.7	-0.689
-0.7	0.689
-0.7	0.69
-0.699	-0.691
-0.699	-0.69
-0.699	0.69
-0.699	0.691
-0.698	-0.692
-0.698	-0.691
-0.698	0.691
-0.698	0.692
-0.697	-0.693
-0.697	-0.692
-0.697	0.692
-0.697	0.693
-0.696	-0.694
-0.696	-0.693
-0.696	0.693
-0.696	0.694
-0.695	-0.695
-0.695	-0.694
-0.695	0.694
-0.695	0.695
-0.694	-0.696
-0.694	-0.695
-0.694	0.695
-0.694	0.696
-0.693	-0.697
-0.693	-0.696
-0.693	0.696
-0.693	0.697
-0.692	-0.698
-0.692	-0.697
-0.692	0.697
-0.692	0.698
-0.691	-0.699
-0.691	-0.698
-0.691	0.698
-0.691	0.699
-0.69	-0.7
-0.69	-0.699
-0.69	0.699
-0.69	0.7
-0.689	-0.701
-0.689	-0.7
-0.689	0.7
-0.689	0.701
-0.688	-0.702
-0.688	-0.701
-0.688	0.701
-0.688	0.702
-0.687	-0.703
-0.687	-0.702
-0.687	0.702
-0.687	0.703
-0.686	-0.704
-0.686	-0.703
-0.686	0.703
-0.686	0.704
-0.685	-0.705
-0.685	-0.704
-0.685	0.704
-0.685	0.705
-0.684	-0.706
-0.684	-0.705
-0.684	0.705
-0.684	0.706
-0.683	-0.707
-0.683	-0.706
-0.683	0.706
-0.683	0.707
-0.682	-0.708
-0.682	-0.707
-0.682	0.707
-0.682	0.708
-0.681	-0.709
-0.681	-0.708
-0.681	0.708
-0.681	0.709
-0.68	-0.71
-0.68	-0.709
-0.68	0.709
-0.68	0.71
-0.679	-0.711
-0.679	-0.71
-0.679	0.71
-0.679	0.711
-0.678	-0.712
-0.678	-0.711
-0.678	0.711
-0.678	0.712
-0.677	-0.713
-0.677	-0.712
-0.677	0.712
-0.677	0.713
-0.676	-0.714
-0.676	-0.713
-0.676	0.713
-0.676	0.714
-0.675	-0.715
-0.675	-0.714
-0.675	0.714
-0.675	0.715
-0.674	-0.716
-0.674	-0.715
-0.674	0.715
-0.674	0.716
-0.673	-0.717
-0.673	-0.716
-0.673	0.716
-0.673	0.717
-0.672	-0.718
-0.672	-0.717
-0.672	0.717
-0.672	0.718
-0.671	-0.719
-0.671	-0.718
-0.671	0.718
-0.671	0.719
-0.67	-0.72
-0.67	-0.719
-0.67	0.719
-0.67	0.72
-0.669	-0.721
-0.669	-0.72
-0.669	0.72
-0.669	0.721
-0.668	-0.722
-0.668	-0.721
-0.668	0.721
-0.668	0.722
-0.667	-0.723
-0.667	-0.722
-0.667	0.722
-0.667	0.723
-0.666	-0.724
-0.666	-0.723
-0.666	0.723
-0.666	0.724
-0.665	-0.725
-0.665	-0.724
-0.665	0.724
-0.665	0.725
-0.664	-0.726
-0.664	-0.725
-0.664	0.725
-0.664	0.726
-0.663	-0.727
-0.663	-0.726
-0.663	0.726
-0.663	0.727
-0.662	-0.728
-0.662	-0.727
-0.662	0.727
-0.662	0.728
-0.661	-0.729
-0.661	-0.728
-0.661	0.728
-0.661	0.729
-0.66	-0.73
-0.66	-0.729
-0.66	0.729
-0.66	0.73
-0.659	-0.731
-0.659	-0.73
-0.659	0.73
-0.659	0.731
-0.658	-0.732
-0.658	-0.731
-0.658	0.731
-0.658	0.732
-0.657	-0.733
-0.657	-0.732
-0.657	0.732
-0.657	0.733
-0.656	-0.734
-0.656	-0.733
-0.656	0.733
-0.656	0.734
-0.655	-0.735
-0.655	-0.734
-0.655	0.734
-0.655	0.735
-0.654	-0.736
-0.654	-0.735
-0.654	0.735
-0.654	0.736
-0.653	-0.737
-0.653	-0.736
-0.653	0.736
-0.653	0.737
-0.652	-0.738
-0.652	-0.737
-0.652	0.737
-0.652	0.738
-0.651	-0.739
-0.651	-0.738
-0.651	0.738
-0.651	0.739
-0.65	-0.74
-0.65	-0.739
-0.65	0.739
-0.65	0.74
-0.649	-0.741
-0.649	-0.74
-0.649	0.74
-0.649	0.741
-0.648	-0.742
-0.648	-0.741
-0.648	0.741
-0.648	0.742
-0.647	-0.743
-0.647	-0.742
-0.647	0.742
-0.647	0.743
-0.646	-0.744
-0.646	-0.743
-0.646	0.743
-0.646	0.744
-0.645	-0.745
-0.645	-0.744
-0.645	0.744
-0.645	0.745
-0.644	-0.746
-0.644	-0.745
-0.644	0.745
-0.644	0.746
-0.643	-0.747
-0.643	-0.746
-0.643	0.746
-0.643	0.747
-0.642	-0.748
-0.642	-0.747
-0.642	0.747
-0.642	0.748
-0.641	-0.749
-0.641	-0.748
-0.641	0.748
-0.641	0.749
-0.64	-0.75
-0.64	-0.749
-0.64	0.749
-0.64	0.75
-0.639	-0.751
-0.639	-0.75
-0.639	0.75
-0.639	0.751
-0.638	-0.752
-0.638	-0.751
-0.638	0.751
-0.638	0.752
-0.637	-0.753
-0.637	-0.752
-0.637	0.752
-0.637	0.753
-0.636	-0.754
-0.636	-0.753
-0.636	0.753
-0.636	0.754
-0.635	-0.755
-0.635	-0.754
-0.635	0.754
-0.635	0.755
-0.634	-0.756
-0.634	-0.755
-0.634	0.755
-0.634	0.756
-0.633	-0.757
-0.633	-0.756
-0.633	0.756
-0.633	0.757
-0.632	-0.758
-0.632	-0.757
-0.632	0.757
-0.632	0.758
-0.631	-0.759
-0.631	-0.758
-0.631	0.758
-0.631	0.759
-0.63	-0.76
-0.63	-0.759
-0.63	0.759
-0.63	0.76
-0.629	-0.761
-0.629	-0.76
-0.629	0.76
-0.629	0.761
-0.628	-0.762
-0.628	-0.761
-0.628	0.761
-0.628	0.762
-0.627	-0.763
-0.627	-0.762
-0.627	0.762
-0.627	0.763
-0.626	-0.764
-0.626	-0.763
-0.626	0.763
-0.626	0.764
-0.625	-0.765
-0.625	-0.764
-0.625	0.764
-0.625	0.765
-0.624	-0.766
-0.624	-0.765
-0.624	0.765
-0.624	0.766
-0.623	-0.767
-0.623	-0.766
-0.623	0.766
-0.623	0.767
-0.622	-0.768
-0.622	-0.767
-0.622	0.767
-0.622	0.768
-0.621	-0.769
-0.621	-0.768
-0.621	0.768
-0.621	0.769
-0.62	-0.769
-0.62	0.769
-0.619	-0.77
-0.619	0.77
-0.618	-0.771
-0.618	0.771
-0.617	-0.771
-0.617	0.771
-0.616	-0.772
-0.616	0.772
-0.615	-0.773
-0.615	0.773
-0.614	-0.773
-0.614	0.773
-0.613	-0.774
-0.613	0.774
-0.612	-0.775
-0.612	0.775
-0.611	-0.775
-0.611	0.775
-0.61	-0.776
-0.61	0.776
-0.609	-0.777
-0.609	0.777
-0.608	-0.777
-0.608	0.777
-0.607	-0.778
-0.607	0.778
-0.606	-0.779
-0.606	0.779
-0.605	-0.779
-0.605	0.779
-0.604	-0.78
-0.604	0.78
-0.603	-0.781
-0.603	0.781
-0.602	-0.781
-0.602	0.781
-0.601	-0.782
-0.601	0.782
-0.6	-0.783
-0.6	0.783
-0.599	-0.783
-0.599	0.783
-0.598	-0.784
-0.598	0.784
-0.597	-0.785
-0.597	0.785
-0.596	-0.785
-0.596	0.785
-0.595	-0.786
-0.595	0.786
-0.594	-0.787
-0.594	0.787
-0.593	-0.787
-0.593	0.787
-0.592	-0.788
-0.592	0.788
-0.591	-0.789
-0.591	0.789
-0.59	-0.789
-0.59	0.789
-0.589	-0.79
-0.589	0.79
-0.588	-0.791
-0.588	0.791
-0.587	-0.791
-0.587	0.791
-0.586	-0.792
-0.586	0.792
-0.585	-0.793
-0.585	0.793
-0.584	-0.793
-0.584	0.793
-0.583	-0.794
-0.583	0.794
-0.582	-0.795
-0.582	0.795
-0.581	-0.795
-0.581	0.795
-0.58	-0.796
-0.58	0.796
-0.579	-0.797
-0.579	0.797
-0.578	-0.797
-0.578	0.797
-0.577	-0.798
-0.577	0.798
-0.576	-0.799
-0.576	0.799
-0.575	-0.799
-0.575	0.799
-0.574	-0.8
-0.574	0.8
-0.573	-0.801
-0.573	0.801
-0.572	-0.801
-0.572	0.801
-0.571	-0.802
-0.571	0.802
-0.57	-0.803
-0.57	0.803
-0.569	-0.803
-0.569	0.803
-0.568	-0.804
-0.568	0.804
-0.567	-0.805
-0.567	0.805
-0.566	-0.805
-0.566	0.805
-0.565	-0.806
-0.565	0.806
-0.564	-0.807
-0.564	0.807
-0.563	-0.807
-0.563	0.807
-0.562	-0.808
-0.562	0.808
-0.561	-0.809
-0.561	0.809
-0.56	-0.809
-0.56	0.809
-0.559	-0.81
-0.559	0.81
-0.558	-0.811
-0.558	0.811
-0.557	-0.811
-0.557	0.811
-0.556	-0.812
-0.556	0.812
-0.555	-0.813
-0.555	0.813
-0.554	-0.813
-0.554	0.813
-0.553	-0.814
-0.553	0.814
-0.552	-0.815
-0.552	0.815
-0.551	-0.815
-0.551	0.815
-0.55	-0.816
-0.55	0.816
-0.549	-0.817
-0.549	0.817
-0.548	-0.817
-0.548	0.817
-0.547	-0.818
-0.547	0.818
-0.546	-0.819
-0.546	0.819
-0.545	-0.819
-0.545	0.819
-0.544	-0.82
-0.544	0.82
-0.543	-0.821
-0.543	0.821
-0.542	-0.821
-0.542	0.821
-0.541	-0.822
-0.541	0.822
-0.54	-0.823
-0.54	0.823
-0.539	-0.823
-0.539	0.823
-0.538	-0.824
-0.538	0.824
-0.537	-0.825
-0.537	0.825
-0.536	-0.825
-0.536	0.825
-0.535	-0.826
-0.535	0.826
-0.534	-0.827
-0.534	0.827
-0.533	-0.827
-0.533	0.827
-0.532	-0.828
-0.532	0.828
-0.531	-0.829
-0.531	0.829
-0.53	-0.829
-0.53	0.829
-0.529	-0.83
-0.529	0.83
-0.528	-0.831
-0.528	0.831
-0.527	-0.831
-0.527	0.831
-0.526	-0.832
-0.526	0.832
-0.525	-0.833
-0.525	0.833
-0.524	-0.833
-0.524	0.833
-0.523	-0.834
-0.523	0.834
-0.522	-0.835
-0.522	0.835
-0.521	-0.835
-0.521	0.835
-0.52	-0.836
-0.52	0.836
-0.519	-0.837
-0.519	0.837
-0.518	-0.837
-0.518	0.837
-0.517	-0.838
-0.517	0.838
-0.516	-0.839
-0.516	0.839
-0.515	-0.839
-0.515	0.839
-0.514	-0.84
-0.514	0.84
-0.513	-0.841
-0.513	0.841
-0.512	-0.841
-0.512	0.841
-0.511	-0.842
-0.511	0.842
-0.51	-0.843
-0.51	0.843
-0.509	-0.843
-0.509	0.843
-0.508	-0.844
-0.508	0.844
-0.507	-0.845
-0.507	0.845
-0.506	-0.845
-0.506	0.845
-0.505	-0.846
-0.505	0.846
-0.504	-0.847
-0.504	0.847
-0.503	-0.847
-0.503	0.847
-0.502	-0.848
-0.502	0.848
-0.501	-0.849
-0.501	0.849
-0.5	-0.849
-0.5	0.849
-0.499	-0.85
-0.499	0.85
-0.498	-0.851
-0.498	0.851
-0.497	-0.851
-0.497	0.851
-0.496	-0.852
-0.496	0.852
-0.495	-0.853
-0.495	0.853
-0.494	-0.853
-0.494	0.853
-0.493	-0.854
-0.493	0.854
-0.492	-0.855
-0.492	0.855
-0.491	-0.855
-0.491	0.855
-0.49	-0.856
-0.49	0.856
-0.489	-0.857
-0.489	0.857
-0.488	-0.857
-0.488	0.857
-0.487	-0.858
-0.487	0.858
-0.486	-0.859
-0.486	0.859
-0.485	-0.859
-0.485	0.859
-0.484	-0.86
-0.484	0.86
-0.483	-0.861
-0.483	0.861
-0.482	-0.861
-0.482	0.861
-0.481	-0.862
-0.481	0.862
-0.48	-0.863
-0.48	0.863
-0.479	-0.863
-0.479	0.863
-0.478	-0.864
-0.478	0.864
-0.477	-0.865
-0.477	0.865
-0.476	-0.865
-0.476	0.865
-0.475	-0.866
-0.475	0.866
-0.474	-0.867
-0.474	0.867
-0.473	-0.867
-0.473	0.867
-0.472	-0.868
-0.472	0.868
-0.471	-0.869
-0.471	0.869
-0.47	-0.869
-0.47	0.869
-0.469	-0.87
-0.469	0.87
-0.468	-0.871
-0.468	0.871
-0.467	-0.871
-0.467	0.871
-0.466	-0.872
-0.466	0.872
-0.465	-0.873
-0.465	0.873
-0.464	-0.873
-0.464	0.873
-0.463	-0.874
-0.463	0.874
-0.462	-0.875
-0.462	0.875
-0.461	-0.875
-0.461	0.875
-0.46	-0.876
-0.46	-0.875
-0.46	0.875
-0.46	0.876
-0.459	-0.876
-0.459	0.876
-0.458	-0.876
-0.458	0.876
-0.457	-0.877
-0.457	-0.876
-0.457	0.876
-0.457	0.877
-0.456	-0.877
-0.456	0.877
-0.455	-0.877
-0.455	0.877
-0.454	-0.878
-0.454	-0.877
-0.454	0.877
-0.454	0.878
-0.453	-0.878
-0.453	0.878
-0.452	-0.878
-0.452	0.878
-0.451	-0.879
-0.451	-0.878
-0.451	0.878
-0.451	0.879
-0.45	-0.879
-0.45	0.879
-0.449	-0.879
-0.449	0.879
-0.448	-0.88
-0.448	-0.879
-0.448	0.879
-0.448	0.88
-0.447	-0.88
-0.447	0.88
-0.446	-0.88
-0.446	0.88
-0.445	-0.881
-0.445	-0.88
-0.445	0.88
-0.445	0.881
-0.444	-0.881
-0.444	0.881
-0.443	-0.881
-0.443	0.881
-0.442	-0.882
-0.442	-0.881
-0.442	0.881
-0.442	0.882
-0.441	-0.882
-0.441	0.882
-0.44	-0.882
-0.44	0.882
-0.439	-0.883
-0.439	-0.882
-0.439	0.882
-0.439	0.883
-0.438	-0.883
-0.438	0.883
-0.437	-0.883
-0.437	0.883
-0.436	-0.884
-0.436	-0.883
-0.436	0.883
-0.436	0.884
-0.435	-0.884
-0.435	0.884
-0.434	-0.884
-0.434	0.884
-0.433	-0.885
-0.433	-0.884
-0.433	0.884
-0.433	0.885
-0.432	-0.885
-0.432	0.885
-0.431	-0.885
-0.431	0.885
-0.43	-0.886
-0.43	-0.885
-0.43	0.885
-0.43	0.886
-0.429	-0.886
-0.429	0.886
-0.428	-0.886
-0.428	0.886
-0.427	-0.887
-0.427	-0.886
-0.427	0.886
-0.427	0.887
-0.426	-0.887
-0.426	0.887
-0.425	-0.887
-0.425	0.887
-0.424	-0.888
-0.424	-0.887
-0.424	0.887
-0.424	0.888
-0.423	-0.888
-0.423	0.888
-0.422	-0.888
-0.422	0.888
-0.421	-0.889
-0.421	-0.888
-0.421	0.888
-0.421	0.889
-0.42	-0.889
-0.42	0.889
-0.419	-0.889
-0.419	0.889
-0.418	-0.89
-0.418	-0.889
-0.418	0.889
-0.418	0.89
-0.417	-0.89
-0.417	0.89
-0.416	-0.89
-0.416	0.89
-0.415	-0.891
-0.415	-0.89
-0.415	0.89
-0.415	0.891
-0.414	-0.891
-0.414	0.891
-0.413	-0.891
-0.413	0.891
-0.412	-0.892
-0.412	-0.891
-0.412	0.891
-0.412	0.892
-0.411	-0.892
-0.411	0.892
-0.41	-0.892
-0.41	0.892
-0.409	-0.893
-0.409	-0.892
-0.409	0.892
-0.409	0.893
-0.408	-0.893
-0.408	0.893
-0.407	-0.893
-0.407	0.893
-0.406	-0.894
-0.406	-0.893
-0.406	0.893
-0.406	0.894
-0.405	-0.894
-0.405	0.894
-0.404	-0.894
-0.404	0.894
-0.403	-0.895
-0.403	-0.894
-0.403	0.894
-0.403	0.895
-0.402	-0.895
-0.402	0.895
-0.401	-0.895
-0.401	0.895
-0.4	-0.896
-0.4	-0.895
-0.4	0.895
-0.4	0.896
-0.399	-0.896
-0.399	0.896
-0.398	-0.896
-0.398	0.896
-0.397	-0.897
-0.397	-0.896
-0.397	0.896
-0.397	0.897
-0.396	-0.897
-0.396	0.897
-0.395	-0.897
-0.395	0.897
-0.394	-0.898
-0.394	-0.897
-0.394	0.897
-0.394	0.898
-0.393	-0.898
-0.393	0.898
-0.392	-0.898
-0.392	0.898
-0.391	-0.899
-0.391	-0.898
-0.391	0.898
-0.391	0.899
-0.39	-0.899
-0.39	0.899
-0.389	-0.899
-0.389	0.899
-0.388	-0.9
-0.388	-0.899
-0.388	0.899
-0.388	0.9
-0.387	-0.9
-0.387	0.9
-0.386	-0.9
-0.386	0.9
-0.385	-0.901
-0.385	-0.9
-0.385	0.9
-0.385	0.901
-0.384	-0.901
-0.384	0.901
-0.383	-0.901
-0.383	0.901
-0.382	-0.902
-0.382	-0.901
-0.382	0.901
-0.382	0.902
-0.381	-0.902
-0.381	0.902
-0.38	-0.902
-0.38	0.902
-0.379	-0.903
-0.379	-0.902
-0.379	0.902
-0.379	0.903
-0.378	-0.903
-0.378	0.903
-0.377	-0.903
-0.377	0.903
-0.376	-0.904
-0.376	-0.903
-0.376	0.903
-0.376	0.904
-0.375	-0.904
-0.375	0.904
-0.374	-0.904
-0.374	0.904
-0.373	-0.905
-0.373	-0.904
-0.373	0.904
-0.373	0.905
-0.372	-0.905
-0.372	0.905
-0.371	-0.905
-0.371	0.905
-0.37	-0.906
-0.37	-0.905
-0.37	0.905
-0.37	0.906
-0.369	-0.906
-0.369	0.906
-0.368	-0.906
-0.368	0.906
-0.367	-0.907
-0.367	-0.906
-0.367	0.906
-0.367	0.907
-0.366	-0.907
-0.366	0.907
-0.365	-0.907
-0.365	0.907
-0.364	-0.908
-0.364	-0.907
-0.364	0.907
-0.364	0.908
-0.363	-0.908
-0.363	0.908
-0.362	-0.908
-0.362	0.908
-0.361	-0.909
-0.361	-0.908
-0.361	0.908
-0.361	0.909
-0.36	-0.909
-0.36	0.909
-0.359	-0.909
-0.359	0.909
-0.358	-0.91
-0.358	-0.909
-0.358	0.909
-0.358	0.91
-0.357	-0.91
-0.357	0.91
-0.356	-0.91
-0.356	0.91
-0.355	-0.911
-0.355	-0.91
-0.355	0.91
-0.355	0.911
-0.354	-0.911
-0.354	0.911
-0.353	-0.911
-0.353	0.911
-0.352	-0.912
-0.352	-0.911
-0.352	0.911
-0.352	0.912
-0.351	-0.912
-0.351	0.912
-0.35	-0.912
-0.35	0.912
-0.349	-0.913
-0.349	-0.912
-0.349	0.912
-0.349	0.913
-0.348	-0.913
-0.348	0.913
-0.347	-0.913
-0.347	0.913
-0.346	-0.914
-0.346	-0.913
-0.346	0.913
-0.346	0.914
-0.345	-0.914
-0.345	0.914
-0.344	-0.914
-0.344	0.914
-0.343	-0.915
-0.343	-0.914
-0.343	0.914
-0.343	0.915
-0.342	-0.915
-0.342	0.915
-0.341	-0.915
-0.341	0.915
-0.34	-0.916
-0.34	-0.915
-0.34	0.915
-0.34	0.916
-0.339	-0.916
-0.339	0.916
-0.338	-0.916
-0.338	0.916
-0.337	-0.917
-0.337	-0.916
-0.337	0.916
-0.337	0.917
-0.336	-0.917
-0.336	0.917
-0.335	-0.917
-0.335	0.917
-0.334	-0.918
-0.334	-0.917
-0.334	0.917
-0.334	0.918
-0.333	-0.918
-0.333	0.918
-0.332	-0.918
-0.332	0.918
-0.331	-0.919
-0.331	-0.918
-0.331	0.918
-0.331	0.919
-0.33	-0.919
-0.33	0.919
-0.329	-0.919
-0.329	0.919
-0.328	-0.92
-0.328	-0.919
-0.328	0.919
-0.328	0.92
-0.327	-0.92
-0.327	0.92
-0.326	-0.92
-0.326	0.92
-0.325	-0.921
-0.325	-0.92
-0.325	0.92
-0.325	0.921
-0.324	-0.921
-0.324	0.921
-0.323	-0.921
-0.323	0.921
-0.322	-0.922
-0.322	-0.921
-0.322	0.921
-0.322	0.922
-0.321	-0.922
-0.321	0.922
-0.32	-0.922
-0.32	0.922
-0.319	-0.923
-0.319	-0.922
-0.319	0.922
-0.319	0.923
-0.318	-0.923
-0.318	0.923
-0.317	-0.923
-0.317	0.923
-0.316	-0.924
-0.316	-0.923
-0.316	0.923
-0.316	0.924
-0.315	-0.924
-0.315	0.924
-0.314	-0.924
-0.314	0.924
-0.313	-0.925
-0.313	-0.924
-0.313	0.924
-0.313	0.925
-0.312	-0.925
-0.312	0.925
-0.311	-0.925
-0.311	0.925
-0.31	-0.926
-0.31	-0.925
-0.31	0.925
-0.31	0.926
-0.309	-0.926
-0.309	0.926
-0.308	-0.926
-0.308	0.926
-0.307	-0.927
-0.307	-0.926
-0.307	0.926
-0.307	0.927
-0.306	-0.927
-0.306	0.927
-0.305	-0.927
-0.305	0.927
-0.304	-0.928
-0.304	-0.927
-0.304	0.927
-0.304	0.928
-0.303	-0.928
-0.303	0.928
-0.302	-0.928
-0.302	0.928
-0.301	-0.929
-0.301	-0.928
-0.301	0.928
-0.301	0.929
-0.3	-0.929
-0.3	0.929
-0.299	-0.929
-0.299	0.929
-0.298	-0.93
-0.298	-0.929
-0.298	0.929
-0.298	0.93
-0.297	-0.93
-0.297	0.93
-0.296	-0.93
-0.296	0.93
-0.295	-0.931
-0.295	-0.93
-0.295	0.93
-0.295	0.931
-0.294	-0.931
-0.294	0.931
-0.293	-0.931
-0.293	0.931
-0.292	-0.932
-0.292	-0.931
-0.292	0.931
-0.292	0.932
-0.291	-0.932
-0.291	0.932
-0.29	-0.932
-0.29	0.932
-0.289	-0.933
-0.289	-0.932
-0.289	0.932
-0.289	0.933
-0.288	-0.933
-0.288	0.933
-0.287	-0.933
-0.287	0.933
-0.286	-0.934
-0.286	-0.933
-0.286	0.933
-0.286	0.934
-0.285	-0.934
-0.285	0.934
-0.284	-0.934
-0.284	0.934
-0.283	-0.935
-0.283	-0.934
-0.283	0.934
-0.283	0.935
-0.282	-0.935
-0.282	0.935
-0.281	-0.935
-0.281	0.935
-0.28	-0.936
-0.28	-0.935
-0.28	0.935
-0.28	0.936
-0.279	-0.936
-0.279	0.936
-0.278	-0.936
-0.278	0.936
-0.277	-0.937
-0.277	-0.936
-0.277	0.936
-0.277	0.937
-0.276	-0.937
-0.276	0.937
-0.275	-0.937
-0.275	0.937
-0.274	-0.938
-0.274	-0.937
-0.274	0.937
-0.274	0.938
-0.273	-0.938
-0.273	0.938
-0.272	-0.938
-0.272	0.938
-0.271	-0.939
-0.271	-0.938
-0.271	0.938
-0.271	0.939
-0.27	-0.939
-0.27	0.939
-0.269	-0.939
-0.269	0.939
-0.268	-0.94
-0.268	-0.939
-0.268	0.939
-0.268	0.94
-0.267	-0.94
-0.267	0.94
-0.266	-0.94
-0.266	0.94
-0.265	-0.941
-0.265	-0.94
-0.265	0.94
-0.265	0.941
-0.264	-0.941
-0.264	0.941
-0.263	-0.941
-0.263	0.941
-0.262	-0.942
-0.262	-0.941
-0.262	0.941
-0.262	0.942
-0.261	-0.942
-0.261	0.942
-0.26	-0.942
-0.26	0.942
-0.259	-0.943
-0.259	-0.942
-0.259	0.942
-0.259	0.943
-0.258	-0.943
-0.258	0.943
-0.257	-0.943
-0.257	0.943
-0.256	-0.944
-0.256	-0.943
-0.256	0.943
-0.256	0.944
-0.255	-0.944
-0.255	0.944
-0.254	-0.944
-0.254	0.944
-0.253	-0.945
-0.253	-0.944
-0.253	0.944
-0.253	0.945
-0.252	-0.945
-0.252	0.945
-0.251	-0.945
-0.251	0.945
-0.25	-0.946
-0.25	-0.945
-0.25	0.945
-0.25	0.946
-0.249	-0.946
-0.249	0.946
-0.248	-0.946
-0.248	0.946
-0.247	-0.947
-0.247	-0.946
-0.247	0.946
-0.247	0.947
-0.246	-0.947
-0.246	0.947
-0.245	-0.947
-0.245	0.947
-0.244	-0.948
-0.244	-0.947
-0.244	0.947
-0.244	0.948
-0.243	-0.948
-0.243	0.948
-0.242	-0.948
-0.242	0.948
-0.241	-0.949
-0.241	-0.948
-0.241	0.948
-0.241	0.949
-0.24	-0.949
-0.24	0.949
-0.239	-0.949
-0.239	0.949
-0.238	-0.95
-0.238	-0.949
-0.238	0.949
-0.238	0.95
-0.237	-0.95
-0.237	0.95
-0.236	-0.95
-0.236	0.95
-0.235	-0.951
-0.235	-0.95
-0.235	0.95
-0.235	0.951
-0.234	-0.951
-0.234	0.951
-0.233	-0.951
-0.233	0.951
-0.232	-0.952
-0.232	-0.951
-0.232	0.951
-0.232	0.952
-0.231	-0.952
-0.231	0.952
-0.23	-0.952
-0.23	0.952
-0.229	-0.953
-0.229	-0.952
-0.229	0.952
-0.229	0.953
-0.228	-0.953
-0.228	0.953
-0.227	-0.953
-0.227	0.953
-0.226	-0.954
-0.226	-0.953
-0.226	0.953
-0.226	0.954
-0.225	-0.954
-0.225	0.954
-0.224	-0.954
-0.224	0.954
-0.223	-0.955
-0.223	-0.954
-0.223	0.954
-0.223	0.955
-0.222	-0.955
-0.222	0.955
-0.221	-0.955
-0.221	0.955
-0.22	-0.956
-0.22	-0.955
-0.22	0.955
-0.22	0.956
-0.219	-0.956
-0.219	0.956
-0.218	-0.956
-0.218	0.956
-0.217	-0.957
-0.217	-0.956
-0.217	0.956
-0.217	0.957
-0.216	-0.957
-0.216	0.957
-0.215	-0.957
-0.215	0.957
-0.214	-0.958
-0.214	-0.957
-0.214	0.957
-0.214	0.958
-0.213	-0.958
-0.213	0.958
-0.212	-0.958
-0.212	0.958
-0.211	-0.959
-0.211	-0.958
-0.211	0.958
-0.211	0.959
-0.21	-0.959
-0.21	0.959
-0.209	-0.959
-0.209	0.959
-0.208	-0.96
-0.208	-0.959
-0.208	0.959
-0.208	0.96
-0.207	-0.96
-0.207	0.96
-0.206	-0.96
-0.206	0.96
-0.205	-0.961
-0.205	-0.96
-0.205	0.96
-0.205	0.961
-0.204	-0.961
-0.204	0.961
-0.203	-0.961
-0.203	0.961
-0.202	-0.962
-0.202	-0.961
-0.202	0.961
-0.202	0.962
-0.201	-0.962
-0.201	0.962
-0.2	-0.962
-0.2	0.962
-0.199	-0.963
-0.199	-0.962
-0.199	0.962
-0.199	0.963
-0.198	-0.963
-0.198	0.963
-0.197	-0.963
-0.197	0.963
-0.196	-0.964
-0.196	-0.963
-0.196	0.963
-0.196	0.964
-0.195	-0.964
-0.195	0.964
-0.194	-0.964
-0.194	0.964
-0.193	-0.965
-0.193	-0.964
-0.193	0.964
-0.193	0.965
-0.192	-0.965
-0.192	0.965
-0.191	-0.965
-0.191	0.965
-0.19	-0.966
-0.19	-0.965
-0.19	0.965
-0.19	0.966
-0.189	-0.966
-0.189	0.966
-0.188	-0.966
-0.188	0.966
-0.187	-0.967
-0.187	-0.966
-0.187	0.966
-0.187	0.967
-0.186	-0.967
-0.186	0.967
-0.185	-0.967
-0.185	0.967
-0.184	-0.968
-0.184	-0.967
-0.184	0.967
-0.184	0.968
-0.183	-0.968
-0.183	0.968
-0.182	-0.968
-0.182	0.968
-0.181	-0.969
-0.181	-0.968
-0.181	0.968
-0.181	0.969
-0.18	-0.969
-0.18	0.969
-0.179	-0.969
-0.179	0.969
-0.178	-0.97
-0.178	-0.969
-0.178	0.969
-0.178	0.97
-0.177	-0.97
-0.177	0.97
-0.176	-0.97
-0.176	0.97
-0.175	-0.971
-0.175	-0.97
-0.175	0.97
-0.175	0.971
-0.174	-0.971
-0.174	0.971
-0.173	-0.971
-0.173	0.971
-0.172	-0.972
-0.172	-0.971
-0.172	0.971
-0.172	0.972
-0.171	-0.972
-0.171	0.972
-0.17	-0.972
-0.17	0.972
-0.169	-0.973
-0.169	-0.972
-0.169	0.972
-0.169	0.973
-0.168	-0.973
-0.168	0.973
-0.167	-0.973
-0.167	0.973
-0.166	-0.974
-0.166	-0.973
-0.166	0.973
-0.166	0.974
-0.165	-0.974
-0.165	0.974
-0.164	-0.974
-0.164	0.974
-0.163	-0.975
-0.163	-0.974
-0.163	0.974
-0.163	0.975
-0.162	-0.975
-0.162	0.975
-0.161	-0.975
-0.161	0.975
-0.16	-0.976
-0.16	-0.975
-0.16	0.975
-0.16	0.976
-0.159	-0.976
-0.159	0.976
-0.158	-0.976
-0.158	0.976
-0.157	-0.977
-0.157	-0.976
-0.157	0.976
-0.157	0.977
-0.156	-0.977
-0.156	0.977
-0.155	-0.977
-0.155	0.977
-0.154	-0.978
-0.154	-0.977
-0.154	0.977
-0.154	0.978
-0.153	-0.978
-0.153	0.978
-0.152	-0.978
-0.152	0.978
-0.151	-0.978
-0.151	0.978
-0.15	-0.978
-0.15	0.978
-0.149	-0.978
-0.149	0.978
-0.148	-0.978
-0.148	0.978
-0.147	-0.978
-0.147	0.978
-0.146	-0.978
-0.146	0.978
-0.145	-0.978
-0.145	0.978
-0.144	-0.978
-0.144	0.978
-0.143	-0.978
-0.143	0.978
-0.142	-0.978
-0.142	0.978
-0.141	-0.978
-0.141	0.978
-0.14	-0.978
-0.14	0.978
-0.139	-0.978
-0.139	0.978
-0.138	-0.978
-0.138	0.978
-0.137	-0.978
-0.137	0.978
-0.136	-0.978
-0.136	0.978
-0.135	-0.978
-0.135	0.978
-0.134	-0.978
-0.134	0.978
-0.133	-0.978
-0.133	0.978
-0.132	-0.978
-0.132	0.978
-0.131	-0.978
-0.131	0.978
-0.13	-0.978
-0.13	0.978
-0.129	-0.978
-0.129	0.978
-0.128	-0.978
-0.128	0.978
-0.127	-0.978
-0.127	0.978
-0.126	-0.978
-0.126	0.978
-0.125	-0.978
-0.125	0.978
-0.124	-0.978
-0.124	0.978
-0.123	-0.978
-0.123	0.978
-0.122	-0.978
-0.122	0.978
-0.121	-0.978
-0.121	0.978
-0.12	-0.978
-0.12	0.978
-0.119	-0.978
-0.119	0.978
-0.118	-0.978
-0.118	0.978
-0.117	-0.978
-0.117	0.978
-0.116	-0.978
-0.116	0.978
-0.115	-0.978
-0.115	0.978
-0.114	-0.978
-0.114	0.978
-0.113	-0.978
-0.113	0.978
-0.112	-0.978
-0.112	0.978
-0.111	-0.978
-0.111	0.978
-0.11	-0.978
-0.11	0.978
-0.109	-0.978
-0.109	0.978
-0.108	-0.978
-0.108	0.978
-0.107	-0.978
-0.107	0.978
-0.106	-0.978
-0.106	0.978
-0.105	-0.978
-0.105	0.978
-0.104	-0.978
-0.104	0.978
-0.103	-0.978
-0.103	0.978
-0.102	-0.978
-0.102	0.978
-0.101	-0.978
-0.101	0.978
-0.1	-0.978
-0.1	0.978
-0.099	-0.978
-0.099	0.978
-0.098	-0.978
-0.098	0.978
-0.097	-0.978
-0.097	0.978
-0.096	-0.978
-0.096	0.978
-0.095	-0.978
-0.095	0.978
-0.094	-0.978
-0.094	0.978
-0.093	-0.978
-0.093	0.978
-0.092	-0.978
-0.092	0.978
-0.091	-0.978
-0.091	0.978
-0.09	-0.978
-0.09	0.978
-0.089	-0.978
-0.089	0.978
-0.088	-0.978
-0.088	0.978
-0.087	-0.978
-0.087	0.978
-0.086	-0.978
-0.086	0.978
-0.085	-0.978
-0.085	0.978
-0.084	-0.978
-0.084	0.978
-0.083	-0.978
-0.083	0.978
-0.082	-0.978
-0.082	0.978
-0.081	-0.978
-0.081	0.978
-0.08	-0.978
-0.08	0.978
-0.079	-0.978
-0.079	0.978
-0.078	-0.978
-0.078	0.978
-0.077	-0.978
-0.077	0.978
-0.076	-0.978
-0.076	0.978
-0.075	-0.978
-0.075	0.978
-0.074	-0.978
-0.074	0.978
-0.073	-0.978
-0.073	0.978
-0.072	-0.978
-0.072	0.978
-0.071	-0.978
-0.071	0.978
-0.07	-0.978
-0.07	0.978
-0.069	-0.978
-0.069	0.978
-0.068	-0.978
-0.068	0.978
-0.067	-0.978
-0.067	0.978
-0.066	-0.978
-0.066	0.978
-0.065	-0.978
-0.065	0.978
-0.064	-0.978
-0.064	0.978
-0.063	-0.978
-0.063	0.978
-0.062	-0.978
-0.062	0.978
-0.061	-0.978
-0.061	0.978
-0.06	-0.978
-0.06	0.978
-0.059	-0.978
-0.059	0.978
-0.058	-0.978
-0.058	0.978
-0.057	-0.978
-0.057	0.978
-0.056	-0.978
-0.056	0.978
-0.055	-0.978
-0.055	0.978
-0.054	-0.978
-0.054	0.978
-0.053	-0.978
-0.053	0.978
-0.052	-0.978
-0.052	0.978
-0.051	-0.978
-0.051	0.978
-0.05	-0.978
-0.05	0.978
-0.049	-0.978
-0.049	0.978
-0.048	-0.978
-0.048	0.978
-0.047	-0.978
-0.047	0.978
-0.046	-0.978
-0.046	0.978
-0.045	-0.978
-0.045	0.978
-0.044	-0.978
-0.044	0.978
-0.043	-0.978
-0.043	0.978
-0.042	-0.978
-0.042	0.978
-0.041	-0.978
-0.041	0.978
-0.04	-0.978
-0.04	0.978
-0.039	-0.978
-0.039	0.978
-0.038	-0.978
-0.038	0.978
-0.037	-0.978
-0.037	0.978
-0.036	-0.978
-0.036	0.978
-0.035	-0.978
-0.035	0.978
-0.034	-0.978
-0.034	0.978
-0.033	-0.978
-0.033	0.978
-0.032	-0.978
-0.032	0.978
-0.031	-0.978
-0.031	0.978
-0.03	-0.978
-0.03	0.978
-0.029	-0.978
-0.029	0.978
-0.028	-0.978
-0.028	0.978
-0.027	-0.978
-0.027	0.978
-0.026	-0.978
-0.026	0.978
-0.025	-0.978
-0.025	0.978
-0.024	-0.978
-0.024	0.978
-0.023	-0.978
-0.023	0.978
-0.022	-0.978
-0.022	0.978
-0.021	-0.978
-0.021	0.978
-0.02	-0.978
-0.02	0.978
-0.019	-0.978
-0.019	0.978
-0.018	-0.978
-0.018	0.978
-0.017	-0.978
-0.017	0.978
-0.016	-0.978
-0.016	0.978
-0.015	-0.978
-0.015	0.978
-0.014	-0.978
-0.014	0.978
-0.013	-0.978
-0.013	0.978
-0.012	-0.978
-0.012	0.978
-0.011	-0.978
-0.011	0.978
-0.01	-0.978
-0.01	0.978
-0.009	-0.978
-0.009	0.978
-0.008	-0.978
-0.008	0.978
-0.007	-0.978
-0.007	0.978
-0.006	-0.978
-0.006	0.978
-0.005	-0.978
-0.005	0.978
-0.004	-0.978
-0.004	0.978
-0.003	-0.978
-0.003	0.978
-0.002	-0.978
-0.002	0.978
-0.001	-0.978
-0.001	0.978
0.0	-0.978
0.0	0.978
0.001	-0.978
0.001	0.978
0.002	-0.978
0.002	0.978
0.003	-0.978
0.003	0.978
0.004	-0.978
0.004	0.978
0.005	-0.978
0.005	0.978
0.006	-0.978
0.006	0.978
0.007	-0.978
0.007	0.978
0.008	-0.978
0.008	0.978
0.009	-0.978
0.009	0.978
0.01	-0.978
0.01	0.978
0.011	-0.978
0.011	0.978
0.012	-0.978
0.012	0.978
0.013	-0.978
0.013	0.978
0.014	-0.978
0.014	0.978
0.015	-0.978
0.015	0.978
0.016	-0.978
0.016	0.978
0.017	-0.978
0.017	0.978
0.018	-0.978
0.018	0.978
0.019	-0.978
0.019	0.978
0.02	-0.978
0.02	0.978
0.021	-0.978
0.021	0.978
0.022	-0.978
0.022	0.978
0.023	-0.978
0.023	0.978
0.024	-0.978
0.024	0.978
0.025	-0.978
0.025	0.978
0.026	-0.978
0.026	0.978
0.027	-0.978
0.027	0.978
0.028	-0.978
0.028	0.978
0.029	-0.978
0.029	0.978
0.03	-0.978
0.03	0.978
0.031	-0.978
0.031	0.978
0.032	-0.978
0.032	0.978
0.033	-0.978
0.033	0.978
0.034	-0.978
0.034	0.978
0.035	-0.978
0.035	0.978
0.036	-0.978
0.036	0.978
0.037	-0.978
0.037	0.978
0.038	-0.978
0.038	0.978
0.039	-0.978
0.039	0.978
0.04	-0.978
0.04	0.978
0.041	-0.978
0.041	0.978
0.042	-0.978
0.042	0.978
0.043	-0.978
0.043	0.978
0.044	-0.978
0.044	0.978
0.045	-0.978
0.045	0.978
0.046	-0.978
0.046	0.978
0.047	-0.978
0.047	0.978
0.048	-0.978
0.048	0.978
0.049	-0.978
0.049	0.978
0.05	-0.978
0.05	0.978
0.051	-0.978
0.051	0.978
0.052	-0.978
0.052	0.978
0.053	-0.978
0.053	0.978
0.054	-0.978
0.054	0.978
0.055	-0.978
0.055	0.978
0.056	-0.978
0.056	0.978
0.057	-0.978
0.057	0.978
0.058	-0.978
0.058	0.978
0.059	-0.978
0.059	0.978
0.06	-0.978
0.06	0.978
0.061	-0.978
0.061	0.978
0.062	-0.978
0.062	0.978
0.063	-0.978
0.063	0.978
0.064	-0.978
0.064	0.978
0.065	-0.978
0.065	0.978
0.066	-0.978
0.066	0.978
0.067	-0.978
0.067	0.978
0.068	-0.978
0.068	0.978
0.069	-0.978
0.069	0.978
0.07	-0.978
0.07	0.978
0.071	-0.978
0.071	0.978
0.072	-0.978
0.072	0.978
0.073	-0.978
0.073	0.978
0.074	-0.978
0.074	0.978
0.075	-0.978
0.075	0.978
0.076	-0.978
0.076	0.978
0.077	-0.978
0.077	0.978
0.078	-0.978
0.078	0.978
0.079	-0.978
0.079	0.978
0.08	-0.978
0.08	0.978
0.081	-0.978
0.081	0.978
0.082	-0.978
0.082	0.978
0.083	-0.978
0.083	0.978
0.084	-0.978
0.084	0.978
0.085	-0.978
0.085	0.978
0.086	-0.978
0.086	0.978
0.087	-0.978
0.087	0.978
0.088	-0.978
0.088	0.978
0.089	-0.978
0.089	0.978
0.09	-0.978
0.09	0.978
0.091	-0.978
0.091	0.978
0.092	-0.978
0.092	0.978
0.093	-0.978
0.093	0.978
0.094	-0.978
0.094	0.978
0.095	-0.978
0.095	0.978
0.096	-0.978
0.096	0.978
0.097	-0.978
0.097	0.978
0.098	-0.978
0.098	0.978
0.099	-0.978
0.099	0.978
0.1	-0.978
0.1	0.978
0.101	-0.978
0.101	0.978
0.102	-0.978
0.102	0.978
0.103	-0.978
0.103	0.978
0.104	-0.978
0.104	0.978
0.105	-0.978
0.105	0.978
0.106	-0.978
0.106	0.978
0.107	-0.978
0.107	0.978
0.108	-0.978
0.108	0.978
0.109	-0.978
0.109	0.978
0.11	-0.978
0.11	0.978
0.111	-0.978
0.111	0.978
0.112	-0.978
0.112	0.978
0.113	-0.978
0.113	0.978
0.114	-0.978
0.114	0.978
0.115	-0.978
0.115	0.978
0.116	-0.978
0.116	0.978
0.117	-0.978
0.117	0.978
0.118	-0.978
0.118	0.978
0.119	-0.978
0.119	0.978
0.12	-0.978
0.12	0.978
0.121	-0.978
0.121	0.978
0.122	-0.978
0.122	0.978
0.123	-0.978
0.123	0.978
0.124	-0.978
0.124	0.978
0.125	-0.978
0.125	0.978
0.126	-0.978
0.126	0.978
0.127	-0.978
0.127	0.978
0.128	-0.978
0.128	0.978
0.129	-0.978
0.129	0.978
0.13	-0.978
0.13	0.978
0.131	-0.978
0.131	0.978
0.132	-0.978
0.132	0.978
0.133	-0.978
0.133	0.978
0.134	-0.978
0.134	0.978
0.135	-0.978
0.135	0.978
0.136	-0.978
0.136	0.978
0.137	-0.978
0.137	0.978
0.138	-0.978
0.138	0.978
0.139	-0.978
0.139	0.978
0.14	-0.978
0.14	0.978
0.141	-0.978
0.141	0.978
0.142	-0.978
0.142	0.978
0.143	-0.978
0.143	0.978
0.144	-0.978
0.144	0.978
0.145	-0.978
0.145	0.978
0.146	-0.978
0.146	0.978
0.147	-0.978
0.147	0.978
0.148	-0.978
0.148	0.978
0.149	-0.978
0.149	0.978
0.15	-0.978
0.15	0.978
0.151	-0.978
0.151	0.978
0.152	-0.978
0.152	0.978
0.153	-0.978
0.153	0.978
0.154	-0.978
0.154	-0.977
0.154	0.977
0.154	0.978
0.155	-0.977
0.155	0.977
0.156	-0.977
0.156	0.977
0.157	-0.977
0.157	-0.976
0.157	0.976
0.157	0.977
0.158	-0.976
0.158	0.976
0.159	-0.976
0.159	0.976
0.16	-0.976
0.16	-0.975
0.16	0.975
0.16	0.976
0.161	-0.975
0.161	0.975
0.162	-0.975
0.162	0.975
0.163	-0.975
0.163	-0.974
0.163	0.974
0.163	0.975
0.164	-0.974
0.164	0.974
0.165	-0.974
0.165	0.974
0.166	-0.974
0.166	-0.973
0.166	0.973
0.166	0.974
0.167	-0.973
0.167	0.973
0.168	-0.973
0.168	0.973
0.169	-0.973
0.169	-0.972
0.169	0.972
0.169	0.973
0.17	-0.972
0.17	0.972
0.171	-0.972
0.171	0.972
0.172	-0.972
0.172	-0.971
0.172	0.971
0.172	0.972
0.173	-0.971
0.173	0.971
0.174	-0.971
0.174	0.971
0.175	-0.971
0.175	-0.97
0.175	0.97
0.175	0.971
0.176	-0.97
0.176	0.97
0.177	-0.97
0.177	0.97
0.178	-0.97
0.178	-0.969
0.178	0.969
0.178	0.97
0.179	-0.969
0.179	0.969
0.18	-0.969
0.18	0.969
0.181	-0.969
0.181	-0.968
0.181	0.968
0.181	0.969
0.182	-0.968
0.182	0.968
0.183	-0.968
0.183	0.968
0.184	-0.968
0.184	-0.967
0.184	0.967
0.184	0.968
0.185	-0.967
0.185	0.967
0.186	-0.967
0.186	0.967
0.187	-0.967
0.187	-0.966
0.187	0.966
0.187	0.967
0.188	-0.966
0.188	0.966
0.189	-0.966
0.189	0.966
0.19	-0.966
0.19	-0.965
0.19	0.965
0.19	0.966
0.191	-0.965
0.191	0.965
0.192	-0.965
0.192	0.965
0.193	-0.965
0.193	-0.964
0.193	0.964
0.193	0.965
0.194	-0.964
0.194	0.964
0.195	-0.964
0.195	0.964
0.196	-0.964
0.196	-0.963
0.196	0.963
0.196	0.964
0.197	-0.963
0.197	0.963
0.198	-0.963
0.198	0.963
0.199	-0.963
0.199	-0.962
0.199	0.962
0.199	0.963
0.2	-0.962
0.2	0.962
0.201	-0.962
0.201	0.962
0.202	-0.962
0.202	-0.961
0.202	0.961
0.202	0.962
0.203	-0.961
0.203	0.961
0.204	-0.961
0.204	0.961
0.205	-0.961
0.205	-0.96
0.205	0.96
0.205	0.961
0.206	-0.96
0.206	0.96
0.207	-0.96
0.207	0.96
0.208	-0.96
0.208	-0.959
0.208	0.959
0.208	0.96
0.209	-0.959
0.209	0.959
0.21	-0.959
0.21	0.959
0.211	-0.959
0.211	-0.958
0.211	0.958
0.211	0.959
0.212	-0.958
0.212	0.958
0.213	-0.958
0.213	0.958
0.214	-0.958
0.214	-0.957
0.214	0.957
0.214	0.958
0.215	-0.957
0.215	0.957
0.216	-0.957
0.216	0.957
0.217	-0.957
0.217	-0.956
0.217	0.956
0.217	0.957
0.218	-0.956
0.218	0.956
0.219	-0.956
0.219	0.956
0.22	-0.956
0.22	-0.955
0.22	0.955
0.22	0.956
0.221	-0.955
0.221	0.955
0.222	-0.955
0.222	0.955
0.223	-0.955
0.223	-0.954
0.223	0.954
0.223	0.955
0.224	-0.954
0.224	0.954
0.225	-0.954
0.225	0.954
0.226	-0.954
0.226	-0.953
0.226	0.953
0.226	0.954
0.227	-0.953
0.227	0.953
0.228	-0.953
0.228	0.953
0.229	-0.953
0.229	-0.952
0.229	0.952
0.229	0.953
0.23	-0.952
0.23	0.952
0.231	-0.952
0.231	0.952
0.232	-0.952
0.232	-0.951
0.232	0.951
0.232	0.952
0.233	-0.951
0.233	0.951
0.234	-0.951
0.234	0.951
0.235	-0.951
0.235	-0.95
0.235	0.95
0.235	0.951
0.236	-0.95
0.236	0.95
0.237	-0.95
0.237	0.95
0.238	-0.95
0.238	-0.949
0.238	0.949
0.238	0.95
0.239	-0.949
0.239	0.949
0.24	-0.949
0.24	0.949
0.241	-0.949
0.241	-0.948
0.241	0.948
0.241	0.949
0.242	-0.948
0.242	0.948
0.243	-0.948
0.243	0.948
0.244	-0.948
0.244	-0.947
0.244	0.947
0.244	0.948
0.245	-0.947
0.245	0.947
0.246	-0.947
0.246	0.947
0.247	-0.947
0.247	-0.946
0.247	0.946
0.247	0.947
0.248	-0.946
0.248	0.946
0.249	-0.946
0.249	0.946
0.25	-0.946
0.25	-0.945
0.25	0.945
0.25	0.946
0.251	-0.945
0.251	0.945
0.252	-0.945
0.252	0.945
0.253	-0.945
0.253	-0.944
0.253	0.944
0.253	0.945
0.254	-0.944
0.254	0.944
0.255	-0.944
0.255	0.944
0.256	-0.944
0.256	-0.943
0.256	0.943
0.256	0.944
0.257	-0.943
0.257	0.943
0.258	-0.943
0.258	0.943
0.259	-0.943
0.259	-0.942
0.259	0.942
0.259	0.943
0.26	-0.942
0.26	0.942
0.261	-0.942
0.261	0.942
0.262	-0.942
0.262	-0.941
0.262	0.941
0.262	0.942
0.263	-0.941
0.263	0.941
0.264	-0.941
0.264	0.941
0.265	-0.941
0.265	-0.94
0.265	0.94
0.265	0.941
0.266	-0.94
0.266	0.94
0.267	-0.94
0.267	0.94
0.268	-0.94
0.268	-0.939
0.268	0.939
0.268	0.94
0.269	-0.939
0.269	0.939
0.27	-0.939
0.27	0.939
0.271	-0.939
0.271	-0.938
0.271	0.938
0.271	0.939
0.272	-0.938
0.272	0.938
0.273	-0.938
0.273	0.938
0.274	-0.938
0.274	-0.937
0.274	0.937
0.274	0.938
0.275	-0.937
0.275	0.937
0.276	-0.937
0.276	0.937
0.277	-0.937
0.277	-0.936
0.277	0.936
0.277	0.937
0.278	-0.936
0.278	0.936
0.279	-0.936
0.279	0.936
0.28	-0.936
0.28	-0.935
0.28	0.935
0.28	0.936
0.281	-0.935
0.281	0.935
0.282	-0.935
0.282	0.935
0.283	-0.935
0.283	-0.934
0.283	0.934
0.283	0.935
0.284	-0.934
0.284	0.934
0.285	-0.934
0.285	0.934
0.286	-0.934
0.286	-0.933
0.286	0.933
0.286	0.934
0.287	-0.933
0.287	0.933
0.288	-0.933
0.288	0.933
0.289	-0.933
0.289	-0.932
0.289	0.932
0.289	0.933
0.29	-0.932
0.29	0.932
0.291	-0.932
0.291	0.932
0.292	-0.932
0.292	-0.931
0.292	0.931
0.292	0.932
0.293	-0.931
0.293	0.931
0.294	-0.931
0.294	0.931
0.295	-0.931
0.295	-0.93
0.295	0.93
0.295	0.931
0.296	-0.93
0.296	0.93
0.297	-0.93
0.297	0.93
0.298	-0.93
0.298	-0.929
0.298	0.929
0.298	0.93
0.299	-0.929
0.299	0.929
0.3	-0.929
0.3	0.929
0.301	-0.929
0.301	-0.928
0.301	0.928
0.301	0.929
0.302	-0.928
0.302	0.928
0.303	-0.928
0.303	0.928
0.304	-0.928
0.304	-0.927
0.304	0.927
0.304	0.928
0.305	-0.927
0.305	0.927
0.306	-0.927
0.306	0.927
0.307	-0.927
0.307	-0.926
0.307	0.926
0.307	0.927
0.308	-0.926
0.308	0.926
0.309	-0.926
0.309	0.926
0.31	-0.926
0.31	-0.925
0.31	0.925
0.31	0.926
0.311	-0.925
0.311	0.925
0.312	-0.925
0.312	0.925
0.313	-0.925
0.313	-0.924
0.313	0.924
0.313	0.925
0.314	-0.924
0.314	0.924
0.315	-0.924
0.315	0.924
0.316	-0.924
0.316	-0.923
0.316	0.923
0.316	0.924
0.317	-0.923
0.317	0.923
0.318	-0.923
0.318	0.923
0.319	-0.923
0.319	-0.922
0.319	0.922
0.319	0.923
0.32	-0.922
0.32	0.922
0.321	-0.922
0.321	0.922
0.322	-0.922
0.322	-0.921
0.322	0.921
0.322	0.922
0.323	-0.921
0.323	0.921
0.324	-0.921
0.324	0.921
0.325	-0.921
0.325	-0.92
0.325	0.92
0.325	0.921
0.326	-0.92
0.326	0.92
0.327	-0.92
0.327	0.92
0.328	-0.92
0.328	-0.919
0.328	0.919
0.328	0.92
0.329	-0.919
0.329	0.919
0.33	-0.919
0.33	0.919
0.331	-0.919
0.331	-0.918
0.331	0.918
0.331	0.919
0.332	-0.918
0.332	0.918
0.333	-0.918
0.333	0.918
0.334	-0.918
0.334	-0.917
0.334	0.917
0.334	0.918
0.335	-0.917
0.335	0.917
0.336	-0.917
0.336	0.917
0.337	-0.917
0.337	-0.916
0.337	0.916
0.337	0.917
0.338	-0.916
0.338	0.916
0.339	-0.916
0.339	0.916
0.34	-0.916
0.34	-0.915
0.34	0.915
0.34	0.916
0.341	-0.915
0.341	0.915
0.342	-0.915
0.342	0.915
0.343	-0.915
0.343	-0.914
0.343	0.914
0.343	0.915
0.344	-0.914
0.344	0.914
0.345	-0.914
0.345	0.914
0.346	-0.914
0.346	-0.913
0.346	0.913
0.346	0.914
0.347	-0.913
0.347	0.913
0.348	-0.913
0.348	0.913
0.349	-0.913
0.349	-0.912
0.349	0.912
0.349	0.913
0.35	-0.912
0.35	0.912
0.351	-0.912
0.351	0.912
0.352	-0.912
0.352	-0.911
0.352	0.911
0.352	0.912
0.353	-0.911
0.353	0.911
0.354	-0.911
0.354	0.911
0.355	-0.911
0.355	-0.91
0.355	0.91
0.355	0.911
0.356	-0.91
0.356	0.91
0.357	-0.91
0.357	0.91
0.358	-0.91
0.358	-0.909
0.358	0.909
0.358	0.91
0.359	-0.909
0.359	0.909
0.36	-0.909
0.36	0.909
0.361	-0.909
0.361	-0.908
0.361	0.908
0.361	0.909
0.362	-0.908
0.362	0.908
0.363	-0.908
0.363	0.908
0.364	-0.908
0.364	-0.907
0.364	0.907
0.364	0.908
0.365	-0.907
0.365	0.907
0.366	-0.907
0.366	0.907
0.367	-0.907
0.367	-0.906
0.367	0.906
0.367	0.907
0.368	-0.906
0.368	0.906
0.369	-0.906
0.369	0.906
0.37	-0.906
0.37	-0.905
0.37	0.905
0.37	0.906
0.371	-0.905
0.371	0.905
0.372	-0.905
0.372	0.905
0.373	-0.905
0.373	-0.904
0.373	0.904
0.373	0.905
0.374	-0.904
0.374	0.904
0.375	-0.904
0.375	0.904
0.376	-0.904
0.376	-0.903
0.376	0.903
0.376	0.904
0.377	-0.903
0.377	0.903
0.378	-0.903
0.378	0.903
0.379	-0.903
0.379	-0.902
0.379	0.902
0.379	0.903
0.38	-0.902
0.38	0.902
0.381	-0.902
0.381	0.902
0.382	-0.902
0.382	-0.901
0.382	0.901
0.382	0.902
0.383	-0.901
0.383	0.901
0.384	-0.901
0.384	0.901
0.385	-0.901
0.385	-0.9
0.385	0.9
0.385	0.901
0.386	-0.9
0.386	0.9
0.387	-0.9
0.387	0.9
0.388	-0.9
0.388	-0.899
0.388	0.899
0.388	0.9
0.389	-0.899
0.389	0.899
0.39	-0.899
0.39	0.899
0.391	-0.899
0.391	-0.898
0.391	0.898
0.391	0.899
0.392	-0.898
0.392	0.898
0.393	-0.898
0.393	0.898
0.394	-0.898
0.394	-0.897
0.394	0.897
0.394	0.898
0.395	-0.897
0.395	0.897
0.396	-0.897
0.396	0.897
0.397	-0.897
0.397	-0.896
0.397	0.896
0.397	0.897
0.398	-0.896
0.398	0.896
0.399	-0.896
0.399	0.896
0.4	-0.896
0.4	-0.895
0.4	0.895
0.4	0.896
0.401	-0.895
0.401	0.895
0.402	-0.895
0.402	0.895
0.403	-0.895
0.403	-0.894
0.403	0.894
0.403	0.895
0.404	-0.894
0.404	0.894
0.405	-0.894
0.405	0.894
0.406	-0.894
0.406	-0.893
0.406	0.893
0.406	0.894
0.407	-0.893
0.407	0.893
0.408	-0.893
0.408	0.893
0.409	-0.893
0.409	-0.892
0.409	0.892
0.409	0.893
0.41	-0.892
0.41	0.892
0.411	-0.892
0.411	0.892
0.412	-0.892
0.412	-0.891
0.412	0.891
0.412	0.892
0.413	-0.891
0.413	0.891
0.414	-0.891
0.414	0.891
0.415	-0.891
0.415	-0.89
0.415	0.89
0.415	0.891
0.416	-0.89
0.416	0.89
0.417	-0.89
0.417	0.89
0.418	-0.89
0.418	-0.889
0.418	0.889
0.418	0.89
0.419	-0.889
0.419	0.889
0.42	-0.889
0.42	0.889
0.421	-0.889
0.421	-0.888
0.421	0.888
0.421	0.889
0.422	-0.888
0.422	0.888
0.423	-0.888
0.423	0.888
0.424	-0.888
0.424	-0.887
0.424	0.887
0.424	0.888
0.425	-0.887
0.425	0.887
0.426	-0.887
0.426	0.887
0.427	-0.887
0.427	-0.886
0.427	0.886
0.427	0.887
0.428	-0.886
0.428	0.886
0.429	-0.886
0.429	0.886
0.43	-0.886
0.43	-0.885
0.43	0.885
0.43	0.886
0.431	-0.885
0.431	0.885
0.432	-0.885
0.432	0.885
0.433	-0.885
0.433	-0.884
0.433	0.884
0.433	0.885
0.434	-0.884
0.434	0.884
0.435	-0.884
0.435	0.884
0.436	-0.884
0.436	-0.883
0.436	0.883
0.436	0.884
0.437	-0.883
0.437	0.883
0.438	-0.883
0.438	0.883
0.439	-0.883
0.439	-0.882
0.439	0.882
0.439	0.883
0.44	-0.882
0.44	0.882
0.441	-0.882
0.441	0.882
0.442	-0.882
0.442	-0.881
0.442	0.881
0.442	0.882
0.443	-0.881
0.443	0.881
0.444	-0.881
0.444	0.881
0.445	-0.881
0.445	-0.88
0.445	0.88
0.445	0.881
0.446	-0.88
0.446	0.88
0.447	-0.88
0.447	0.88
0.448	-0.88
0.448	-0.879
0.448	0.879
0.448	0.88
0.449	-0.879
0.449	0.879
0.45	-0.879
0.45	0.879
0.451	-0.879
0.451	-0.878
0.451	0.878
0.451	0.879
0.452	-0.878
0.452	0.878
0.453	-0.878
0.453	0.878
0.454	-0.878
0.454	-0.877
0.454	0.877
0.454	0.878
0.455	-0.877
0.455	0.877
0.456	-0.877
0.456	0.877
0.457	-0.877
0.457	-0.876
0.457	0.876
0.457	0.877
0.458	-0.876
0.458	0.876
0.459	-0.876
0.459	0.876
0.46	-0.876
0.46	-0.875
0.46	0.875
0.46	0.876
0.461	-0.875
0.461	0.875
0.462	-0.875
0.462	0.875
0.463	-0.874
0.463	0.874
0.464	-0.873
0.464	0.873
0.465	-0.873
0.465	0.873
0.466	-0.872
0.466	0.872
0.467	-0.871
0.467	0.871
0.468	-0.871
0.468	0.871
0.469	-0.87
0.469	0.87
0.47	-0.869
0.47	0.869
0.471	-0.869
0.471	0.869
0.472	-0.868
0.472	0.868
0.473	-0.867
0.473	0.867
0.474	-0.867
0.474	0.867
0.475	-0.866
0.475	0.866
0.476	-0.865
0.476	0.865
0.477	-0.865
0.477	0.865
0.478	-0.864
0.478	0.864
0.479	-0.863
0.479	0.863
0.48	-0.863
0.48	0.863
0.481	-0.862
0.481	0.862
0.482	-0.861
0.482	0.861
0.483	-0.861
0.483	0.861
0.484	-0.86
0.484	0.86
0.485	-0.859
0.485	0.859
0.486	-0.859
0.486	0.859
0.487	-0.858
0.487	0.858
0.488	-0.857
0.488	0.857
0.489	-0.857
0.489	0.857
0.49	-0.856
0.49	0.856
0.491	-0.855
0.491	0.855
0.492	-0.855
0.492	0.855
0.493	-0.854
0.493	0.854
0.494	-0.853
0.494	0.853
0.495	-0.853
0.495	0.853
0.496	-0.852
0.496	0.852
0.497	-0.851
0.497	0.851
0.498	-0.851
0.498	0.851
0.499	-0.85
0.499	0.85
0.5	-0.849
0.5	0.849
0.501	-0.849
0.501	0.849
0.502	-0.848
0.502	0.848
0.503	-0.847
0.503	0.847
0.504	-0.847
0.504	0.847
0.505	-0.846
0.505	0.846
0.506	-0.845
0.506	0.845
0.507	-0.845
0.507	0.845
0.508	-0.844
0.508	0.844
0.509	-0.843
0.509	0.843
0.51	-0.843
0.51	0.843
0.511	-0.842
0.511	0.842
0.512	-0.841
0.512	0.841
0.513	-0.841
0.513	0.841
0.514	-0.84
0.514	0.84
0.515	-0.839
0.515	0.839
0.516	-0.839
0.516	0.839
0.517	-0.838
0.517	0.838
0.518	-0.837
0.518	0.837
0.519	-0.837
0.519	0.837
0.52	-0.836
0.52	0.836
0.521	-0.835
0.521	0.835
0.522	-0.835
0.522	0.835
0.523	-0.834
0.523	0.834
0.524	-0.833
0.524	0.833
0.525	-0.833
0.525	0.833
0.526	-0.832
0.526	0.832
0.527	-0.831
0.527	0.831
0.528	-0.831
0.528	0.831
0.529	-0.83
0.529	0.83
0.53	-0.829
0.53	0.829
0.531	-0.829
0.531	0.829
0.532	-0.828
0.532	0.828
0.533	-0.827
0.533	0.827
0.534	-0.827
0.534	0.827
0.535	-0.826
0.535	0.826
0.536	-0.825
0.536	0.825
0.537	-0.825
0.537	0.825
0.538	-0.824
0.538	0.824
0.539	-0.823
0.539	0.823
0.54	-0.823
0.54	0.823
0.541	-0.822
0.541	0.822
0.542	-0.821
0.542	0.821
0.543	-0.821
0.543	0.821
0.544	-0.82
0.544	0.82
0.545	-0.819
0.545	0.819
0.546	-0.819
0.546	0.819
0.547	-0.818
0.547	0.818
0.548	-0.817
0.548	0.817
0.549	-0.817
0.549	0.817
0.55	-0.816
0.55	0.816
0.551	-0.815
0.551	0.815
0.552	-0.815
0.552	0.815
0.553	-0.814
0.553	0.814
0.554	-0.813
0.554	0.813
0.555	-0.813
0.555	0.813
0.556	-0.812
0.556	0.812
0.557	-0.811
0.557	0.811
0.558	-0.811
0.558	0.811
0.559	-0.81
0.559	0.81
0.56	-0.809
0.56	0.809
0.561	-0.809
0.561	0.809
0.562	-0.808
0.562	0.808
0.563	-0.807
0.563	0.807
0.564	-0.807
0.564	0.807
0.565	-0.806
0.565	0.806
0.566	-0.805
0.566	0.805
0.567	-0.805
0.567	0.805
0.568	-0.804
0.568	0.804
0.569	-0.803
0.569	0.803
0.57	-0.803
0.57	0.803
0.571	-0.802
0.571	0.802
0.572	-0.801
0.572	0.801
0.573	-0.801
0.573	0.801
0.574	-0.8
0.574	0.8
0.575	-0.799
0.575	0.799
0.576	-0.799
0.576	0.799
0.577	-0.798
0.577	0.798
0.578	-0.797
0.578	0.797
0.579	-0.797
0.579	0.797
0.58	-0.796
0.58	0.796
0.581	-0.795
0.581	0.795
0.582	-0.795
0.582	0.795
0.583	-0.794
0.583	0.794
0.584	-0.793
0.584	0.793
0.585	-0.793
0.585	0.793
0.586	-0.792
0.586	0.792
0.587	-0.791
0.587	0.791
0.588	-0.791
0.588	0.791
0.589	-0.79
0.589	0.79
0.59	-0.789
0.59	0.789
0.591	-0.789
0.591	0.789
0.592	-0.788
0.592	0.788
0.593	-0.787
0.593	0.787
0.594	-0.787
0.594	0.787
0.595	-0.786
0.595	0.786
0.596	-0.785
0.596	0.785
0.597	-0.785
0.597	0.785
0.598	-0.784
0.598	0.784
0.599	-0.783
0.599	0.783
0.6	-0.783
0.6	0.783
0.601	-0.782
0.601	0.782
0.602	-0.781
0.602	0.781
0.603	-0.781
0.603	0.781
0.604	-0.78
0.604	0.78
0.605	-0.779
0.605	0.779
0.606	-0.779
0.606	0.779
0.607	-0.778
0.607	0.778
0.608	-0.777
0.608	0.777
0.609	-0.777
0.609	0.777
0.61	-0.776
0.61	0.776
0.611	-0.775
0.611	0.775
0.612	-0.775
0.612	0.775
0.613	-0.774
0.613	0.774
0.614	-0.773
0.614	0.773
0.615	-0.773
0.615	0.773
0.616	-0.772
0.616	0.772
0.617	-0.771
0.617	0.771
0.618	-0.771
0.618	0.771
0.619	-0.77
0.619	0.77
0.62	-0.769
0.62	0.769
0.621	-0.769
0.621	-0.768
0.621	0.768
0.621	0.769
0.622	-0.768
0.622	-0.767
0.622	0.767
0.622	0.768
0.623	-0.767
0.623	-0.766
0.623	0.766
0.623	0.767
0.624	-0.766
0.624	-0.765
0.624	0.765
0.624	0.766
0.625	-0.765
0.625	-0.764
0.625	0.764
0.625	0.765
0.626	-0.764
0.626	-0.763
0.626	0.763
0.626	0.764
0.627	-0.763
0.627	-0.762
0.627	0.762
0.627	0.763
0.628	-0.762
0.628	-0.761
0.628	0.761
0.628	0.762
0.629	-0.761
0.629	-0.76
0.629	0.76
0.629	0.761
0.63	-0.76
0.63	-0.759
0.63	0.759
0.63	0.76
0.631	-0.759
0.631	-0.758
0.631	0.758
0.631	0.759
0.632	-0.758
0.632	-0.757
0.632	0.757
0.632	0.758
0.633	-0.757
0.633	-0.756
0.633	0.756
0.633	0.757
0.634	-0.756
0.634	-0.755
0.634	0.755
0.634	0.756
0.635	-0.755
0.635	-0.754
0.635	0.754
0.635	0.755
0.636	-0.754
0.636	-0.753
0.636	0.753
0.636	0.754
0.637	-0.753
0.637	-0.752
0.637	0.752
0.637	0.753
0.638	-0.752
0.638	-0.751
0.638	0.751
0.638	0.752
0.639	-0.751
0.639	-0.75
0.639	0.75
0.639	0.751
0.64	-0.75
0.64	-0.749
0.64	0.749
0.64	0.75
0.641	-0.749
0.641	-0.748
0.641	0.748
0.641	0.749
0.642	-0.748
0.642	-0.747
0.642	0.747
0.642	0.748
0.643	-0.747
0.643	-0.746
0.643	0.746
0.643	0.747
0.644	-0.746
0.644	-0.745
0.644	0.745
0.644	0.746
0.645	-0.745
0.645	-0.744
0.645	0.744
0.645	0.745
0.646	-0.744
0.646	-0.743
0.646	0.743
0.646	0.744
0.647	-0.743
0.647	-0.742
0.647	0.742
0.647	0.743
0.648	-0.742
0.648	-0.741
0.648	0.741
0.648	0.742
0.649	-0.741
0.649	-0.74
0.649	0.74
0.649	0.741
0.65	-0.74
0.65	-0.739
0.65	0.739
0.65	0.74
0.651	-0.739
0.651	-0.738
0.651	0.738
0.651	0.739
0.652	-0.738
0.652	-0.737
0.652	0.737
0.652	0.738
0.653	-0.737
0.653	-0.736
0.653	0.736
0.653	0.737
0.654	-0.736
0.654	-0.735
0.654	0.735
0.654	0.736
0.655	-0.735
0.655	-0.734
0.655	0.734
0.655	0.735
0.656	-0.734
0.656	-0.733
0.656	0.733
0.656	0.734
0.657	-0.733
0.657	-0.732
0.657	0.732
0.657	0.733
0.658	-0.732
0.658	-0.731
0.658	0.731
0.658	0.732
0.659	-0.731
0.659	-0.73
0.659	0.73
0.659	0.731
0.66	-0.73
0.66	-0.729
0.66	0.729
0.66	0.73
0.661	-0.729
0.661	-0.728
0.661	0.728
0.661	0.729
0.662	-0.728
0.662	-0.727
0.662	0.727
0.662	0.728
0.663	-0.727
0.663	-0.726
0.663	0.726
0.663	0.727
0.664	-0.726
0.664	-0.725
0.664	0.725
0.664	0.726
0.665	-0.725
0.665	-0.724
0.665	0.724
0.665	0.725
0.666	-0.724
0.666	-0.723
0.666	0.723
0.666	0.724
0.667	-0.723
0.667	-0.722
0.667	0.722
0.667	0.723
0.668	-0.722
0.668	-0.721
0.668	0.721
0.668	0.722
0.669	-0.721
0.669	-0.72
0.669	0.72
0.669	0.721
0.67	-0.72
0.67	-0.719
0.67	0.719
0.67	0.72
0.671	-0.719
0.671	-0.718
0.671	0.718
0.671	0.719
0.672	-0.718
0.672	-0.717
0.672	0.717
0.672	0.718
0.673	-0.717
0.673	-0.716
0.673	0.716
0.673	0.717
0.674	-0.716
0.674	-0.715
0.674	0.715
0.674	0.716
0.675	-0.715
0.675	-0.714
0.675	0.714
0.675	0.715
0.676	-0.714
0.676	-0.713
0.676	0.713
0.676	0.714
0.677	-0.713
0.677	-0.712
0.677	0.712
0.677	0.713
0.678	-0.712
0.678	-0.711
0.678	0.711
0.678	0.712
0.679	-0.711
0.679	-0.71
0.679	0.71
0.679	0.711
0.68	-0.71
0.68	-0.709
0.68	0.709
0.68	0.71
0.681	-0.709
0.681	-0.708
0.681	0.708
0.681	0.709
0.682	-0.708
0.682	-0.707
0.682	0.707
0.682	0.708
0.683	-0.707
0.683	-0.706
0.683	0.706
0.683	0.707
0.684	-0.706
0.684	-0.705
0.684	0.705
0.684	0.706
0.685	-0.705
0.685	-0.704
0.685	0.704
0.685	0.705
0.686	-0.704
0.686	-0.703
0.686	0.703
0.686	0.704
0.687	-0.703
0.687	-0.702
0.687	0.702
0.687	0.703
0.688	-0.702
0.688	-0.701
0.688	0.701
0.688	0.702
0.689	-0.701
0.689	-0.7
0.689	0.7
0.689	0.701
0.69	-0.7
0.69	-0.699
0.69	0.699
0.69	0.7
0.691	-0.699
0.691	-0.698
0.691	0.698
0.691	0.699
0.692	-0.698
0.692	-0.697
0.692	0.697
0.692	0.698
0.693	-0.697
0.693	-0.696
0.693	0.696
0.693	0.697
0.694	-0.696
0.694	-0.695
0.694	0.695
0.694	0.696
0.695	-0.695
0.695	-0.694
0.695	0.694
0.695	0.695
0.696	-0.694
0.696	-0.693
0.696	0.693
0.696	0.694
0.697	-0.693
0.697	-0.692
0.697	0.692
0.697	0.693
0.698	-0.692
0.698	-0.691
0.698	0.691
0.698	0.692
0.699	-0.691
0.699	-0.69
0.699	0.69
0.699	0.691
0.7	-0.69
0.7	-0.689
0.7	0.689
0.7	0.69
0.701	-0.689
0.701	-0.688
0.701	0.688
0.701	0.689
0.702	-0.688
0.702	-0.687
0.702	0.687
0.702	0.688
0.703	-0.687
0.703	-0.686
0.703	0.686
0.703	0.687
0.704	-0.686
0.704	-0.685
0.704	0.685
0.704	0.686
0.705	-0.685
0.705	-0.684
0.705	0.684
0.705	0.685
0.706	-0.684
0.706	-0.683
0.706	0.683
0.706	0.684
0.707	-0.683
0.707	-0.682
0.707	0.682
0.707	0.683
0.708	-0.682
0.708	-0.681
0.708	0.681
0.708	0.682
0.709	-0.681
0.709	-0.68
0.709	0.68
0.709	0.681
0.71	-0.68
0.71	-0.679
0.71	0.679
0.71	0.68
0.711	-0.679
0.711	-0.678
0.711	0.678
0.711	0.679
0.712	-0.678
0.712	-0.677
0.712	0.677
0.712	0.678
0.713	-0.677
0.713	-0.676
0.713	0.676
0.713	0.677
0.714	-0.676
0.714	-0.675
0.714	0.675
0.714	0.676
0.715	-0.675
0.715	-0.674
0.715	0.674
0.715	0.675
0.716	-0.674
0.716	-0.673
0.716	0.673
0.716	0.674
0.717	-0.673
0.717	-0.672
0.717	0.672
0.717	0.673
0.718	-0.672
0.718	-0.671
0.718	0.671
0.718	0.672
0.719	-0.671
0.719	-0.67
0.719	0.67
0.719	0.671
0.72	-0.67
0.72	-0.669
0.72	0.669
0.72	0.67
0.721	-0.669
0.721	-0.668
0.721	0.668
0.721	0.669
0.722	-0.668
0.722	-0.667
0.722	0.667
0.722	0.668
0.723	-0.667
0.723	-0.666
0.723	0.666
0.723	0.667
0.724	-0.666
0.724	-0.665
0.724	0.665
0.724	0.666
0.725	-0.665
0.725	-0.664
0.725	0.664
0.725	0.665
0.726	-0.664
0.726	-0.663
0.726	0.663
0.726	0.664
0.727	-0.663
0.727	-0.662
0.727	0.662
0.727	0.663
0.728	-0.662
0.728	-0.661
0.728	0.661
0.728	0.662
0.729	-0.661
0.729	-0.66
0.729	0.66
0.729	0.661
0.73	-0.66
0.73	-0.659
0.73	0.659
0.73	0.66
0.731	-0.659
0.731	-0.658
0.731	0.658
0.731	0.659
0.732	-0.658
0.732	-0.657
0.732	0.657
0.732	0.658
0.733	-0.657
0.733	-0.656
0.733	0.656
0.733	0.657
0.734	-0.656
0.734	-0.655
0.734	0.655
0.734	0.656
0.735	-0.655
0.735	-0.654
0.735	0.654
0.735	0.655
0.736	-0.654
0.736	-0.653
0.736	0.653
0.736	0.654
0.737	-0.653
0.737	-0.652
0.737	0.652
0.737	0.653
0.738	-0.652
0.738	-0.651
0.738	0.651
0.738	0.652
0.739	-0.651
0.739	-0.65
0.739	0.65
0.739	0.651
0.74	-0.65
0.74	-0.649
0.74	0.649
0.74	0.65
0.741	-0.649
0.741	-0.648
0.741	0.648
0.741	0.649
0.742	-0.648
0.742	-0.647
0.742	0.647
0.742	0.648
0.743	-0.647
0.743	-0.646
0.743	0.646
0.743	0.647
0.744	-0.646
0.744	-0.645
0.744	0.645
0.744	0.646
0.745	-0.645
0.745	-0.644
0.745	0.644
0.745	0.645
0.746	-0.644
0.746	-0.643
0.746	0.643
0.746	0.644
0.747	-0.643
0.747	-0.642
0.747	0.642
0.747	0.643
0.748	-0.642
0.748	-0.641
0.748	0.641
0.748	0.642
0.749	-0.641
0.749	-0.64
0.749	0.64
0.749	0.641
0.75	-0.64
0.75	-0.639
0.75	0.639
0.75	0.64
0.751	-0.639
0.751	-0.638
0.751	0.638
0.751	0.639
0.752	-0.638
0.752	-0.637
0.752	0.637
0.752	0.638
0.753	-0.637
0.753	-0.636
0.753	0.636
0.753	0.637
0.754	-0.636
0.754	-0.635
0.754	0.635
0.754	0.636
0.755	-0.635
0.755	-0.634
0.755	0.634
0.755	0.635
0.756	-0.634
0.756	-0.633
0.756	0.633
0.756	0.634
0.757	-0.633
0.757	-0.632
0.757	0.632
0.757	0.633
0.758	-0.632
0.758	-0.631
0.758	0.631
0.758	0.632
0.759	-0.631
0.759	-0.63
0.759	0.63
0.759	0.631
0.76	-0.63
0.76	-0.629
0.76	0.629
0.76	0.63
0.761	-0.629
0.761	-0.628
0.761	0.628
0.761	0.629
0.762	-0.628
0.762	-0.627
0.762	0.627
0.762	0.628
0.763	-0.627
0.763	-0.626
0.763	0.626
0.763	0.627
0.764	-0.626
0.764	-0.625
0.764	0.625
0.764	0.626
0.765	-0.625
0.765	-0.624
0.765	0.624
0.765	0.625
0.766	-0.624
0.766	-0.623
0.766	0.623
0.766	0.624
0.767	-0.623
0.767	-0.622
0.767	0.622
0.767	0.623
0.768	-0.622
0.768	-0.621
0.768	0.621
0.768	0.622
0.769	-0.621
0.769	-0.62
0.769	0.62
0.769	0.621
0.77	-0.619
0.77	0.619
0.771	-0.618
0.771	-0.617
0.771	0.617
0.771	0.618
0.772	-0.616
0.772	0.616
0.773	-0.615
0.773	-0.614
0.773	0.614
0.773	0.615
0.774	-0.613
0.774	0.613
0.775	-0.612
0.775	-0.611
0.775	0.611
0.775	0.612
0.776	-0.61
0.776	0.61
0.777	-0.609
0.777	-0.608
0.777	0.608
0.777	0.609
0.778	-0.607
0.778	0.607
0.779	-0.606
0.779	-0.605
0.779	0.605
0.779	0.606
0.78	-0.604
0.78	0.604
0.781	-0.603
0.781	-0.602
0.781	0.602
0.781	0.603
0.782	-0.601
0.782	0.601
0.783	-0.6
0.783	-0.599
0.783	0.599
0.783	0.6
0.784	-0.598
0.784	0.598
0.785	-0.597
0.785	-0.596
0.785	0.596
0.785	0.597
0.786	-0.595
0.786	0.595
0.787	-0.594
0.787	-0.593
0.787	0.593
0.787	0.594
0.788	-0.592
0.788	0.592
0.789	-0.591
0.789	-0.59
0.789	0.59
0.789	0.591
0.79	-0.589
0.79	0.589
0.791	-0.588
0.791	-0.587
0.791	0.587
0.791	0.588
0.792	-0.586
0.792	0.586
0.793	-0.585
0.793	-0.584
0.793	0.584
0.793	0.585
0.794	-0.583
0.794	0.583
0.795	-0.582
0.795	-0.581
0.795	0.581
0.795	0.582
0.796	-0.58
0.796	0.58
0.797	-0.579
0.797	-0.578
0.797	0.578
0.797	0.579
0.798	-0.577
0.798	0.577
0.799	-0.576
0.799	-0.575
0.799	0.575
0.799	0.576
0.8	-0.574
0.8	0.574
0.801	-0.573
0.801	-0.572
0.801	0.572
0.801	0.573
0.802	-0.571
0.802	0.571
0.803	-0.57
0.803	-0.569
0.803	0.569
0.803	0.57
0.804	-0.568
0.804	0.568
0.805	-0.567
0.805	-0.566
0.805	0.566
0.805	0.567
0.806	-0.565
0.806	0.565
0.807	-0.564
0.807	-0.563
0.807	0.563
0.807	0.564
0.808	-0.562
0.808	0.562
0.809	-0.561
0.809	-0.56
0.809	0.56
0.809	0.561
0.81	-0.559
0.81	0.559
0.811	-0.558
0.811	-0.557
0.811	0.557
0.811	0.558
0.812	-0.556
0.812	0.556
0.813	-0.555
0.813	-0.554
0.813	0.554
0.813	0.555
0.814	-0.553
0.814	0.553
0.815	-0.552
0.815	-0.551
0.815	0.551
0.815	0.552
0.816	-0.55
0.816	0.55
0.817	-0.549
0.817	-0.548
0.817	0.548
0.817	0.549
0.818	-0.547
0.818	0.547
0.819	-0.546
0.819	-0.545
0.819	0.545
0.819	0.546
0.82	-0.544
0.82	0.544
0.821	-0.543
0.821	-0.542
0.821	0.542
0.821	0.543
0.822	-0.541
0.822	0.541
0.823	-0.54
0.823	-0.539
0.823	0.539
0.823	0.54
0.824	-0.538
0.824	0.538
0.825	-0.537
0.825	-0.536
0.825	0.536
0.825	0.537
0.826	-0.535
0.826	0.535
0.827	-0.534
0.827	-0.533
0.827	0.533
0.827	0.534
0.828	-0.532
0.828	0.532
0.829	-0.531
0.829	-0.53
0.829	0.53
0.829	0.531
0.83	-0.529
0.83	0.529
0.831	-0.528
0.831	-0.527
0.831	0.527
0.831	0.528
0.832	-0.526
0.832	0.526
0.833	-0.525
0.833	-0.524
0.833	0.524
0.833	0.525
0.834	-0.523
0.834	0.523
0.835	-0.522
0.835	-0.521
0.835	0.521
0.835	0.522
0.836	-0.52
0.836	0.52
0.837	-0.519
0.837	-0.518
0.837	0.518
0.837	0.519
0.838	-0.517
0.838	0.517
0.839	-0.516
0.839	-0.515
0.839	0.515
0.839	0.516
0.84	-0.514
0.84	0.514
0.841	-0.513
0.841	-0.512
0.841	0.512
0.841	0.513
0.842	-0.511
0.842	0.511
0.843	-0.51
0.843	-0.509
0.843	0.509
0.843	0.51
0.844	-0.508
0.844	0.508
0.845	-0.507
0.845	-0.506
0.845	0.506
0.845	0.507
0.846	-0.505
0.846	0.505
0.847	-0.504
0.847	-0.503
0.847	0.503
0.847	0.504
0.848	-0.502
0.848	0.502
0.849	-0.501
0.849	-0.5
0.849	0.5
0.849	0.501
0.85	-0.499
0.85	0.499
0.851	-0.498
0.851	-0.497
0.851	0.497
0.851	0.498
0.852	-0.496
0.852	0.496
0.853	-0.495
0.853	-0.494
0.853	0.494
0.853	0.495
0.854	-0.493
0.854	0.493
0.855	-0.492
0.855	-0.491
0.855	0.491
0.855	0.492
0.856	-0.49
0.856	0.49
0.857	-0.489
0.857	-0.488
0.857	0.488
0.857	0.489
0.858	-0.487
0.858	0.487
0.859	-0.486
0.859	-0.485
0.859	0.485
0.859	0.486
0.86	-0.484
0.86	0.484
0.861	-0.483
0.861	-0.482
0.861	0.482
0.861	0.483
0.862	-0.481
0.862	0.481
0.863	-0.48
0.863	-0.479
0.863	0.479
0.863	0.48
0.864	-0.478
0.864	0.478
0.865	-0.477
0.865	-0.476
0.865	0.476
0.865	0.477
0.866	-0.475
0.866	0.475
0.867	-0.474
0.867	-0.473
0.867	0.473
0.867	0.474
0.868	-0.472
0.868	0.472
0.869	-0.471
0.869	-0.47
0.869	0.47
0.869	0.471
0.87	-0.469
0.87	0.469
0.871	-0.468
0.871	-0.467
0.871	0.467
0.871	0.468
0.872	-0.466
0.872	0.466
0.873	-0.465
0.873	-0.464
0.873	0.464
0.873	0.465
0.874	-0.463
0.874	0.463
0.875	-0.462
0.875	-0.461
0.875	-0.46
0.875	0.46
0.875	0.461
0.875	0.462
0.876	-0.46
0.876	-0.459
0.876	-0.458
0.876	-0.457
0.876	0.457
0.876	0.458
0.876	0.459
0.876	0.46
0.877	-0.457
0.877	-0.456
0.877	-0.455
0.877	-0.454
0.877	0.454
0.877	0.455
0.877	0.456
0.877	0.457
0.878	-0.454
0.878	-0.453
0.878	-0.452
0.878	-0.451
0.878	0.451
0.878	0.452
0.878	0.453
0.878	0.454
0.879	-0.451
0.879	-0.45
0.879	-0.449
0.879	-0.448
0.879	0.448
0.879	0.449
0.879	0.45
0.879	0.451
0.88	-0.448
0.88	-0.447
0.88	-0.446
0.88	-0.445
0.88	0.445
0.88	0.446
0.88	0.447
0.88	0.448
0.881	-0.445
0.881	-0.444
0.881	-0.443
0.881	-0.442
0.881	0.442
0.881	0.443
0.881	0.444
0.881	0.445
0.882	-0.442
0.882	-0.441
0.882	-0.44
0.882	-0.439
0.882	0.439
0.882	0.44
0.882	0.441
0.882	0.442
0.883	-0.439
0.883	-0.438
0.883	-0.437
0.883	-0.436
0.883	0.436
0.883	0.437
0.883	0.438
0.883	0.439
0.884	-0.436
0.884	-0.435
0.884	-0.434
0.884	-0.433
0.884	0.433
0.884	0.434
0.884	0.435
0.884	0.436
0.885	-0.433
0.885	-0.432
0.885	-0.431
0.885	-0.43
0.885	0.43
0.885	0.431
0.885	0.432
0.885	0.433
0.886	-0.43
0.886	-0.429
0.886	-0.428
0.886	-0.427
0.886	0.427
0.886	0.428
0.886	0.429
0.886	0.43
0.887	-0.427
0.887	-0.426
0.887	-0.425
0.887	-0.424
0.887	0.424
0.887	0.425
0.887	0.426
0.887	0.427
0.888	-0.424
0.888	-0.423
0.888	-0.422
0.888	-0.421
0.888	0.421
0.888	0.422
0.888	0.423
0.888	0.424
0.889	-0.421
0.889	-0.42
0.889	-0.419
0.889	-0.418
0.889	0.418
0.889	0.419
0.889	0.42
0.889	0.421
0.89	-0.418
0.89	-0.417
0.89	-0.416
0.89	-0.415
0.89	0.415
0.89	0.416
0.89	0.417
0.89	0.418
0.891	-0.415
0.891	-0.414
0.891	-0.413
0.891	-0.412
0.891	0.412
0.891	0.413
0.891	0.414
0.891	0.415
0.892	-0.412
0.892	-0.411
0.892	-0.41
0.892	-0.409
0.892	0.409
0.892	0.41
0.892	0.411
0.892	0.412
0.893	-0.409
0.893	-0.408
0.893	-0.407
0.893	-0.406
0.893	0.406
0.893	0.407
0.893	0.408
0.893	0.409
0.894	-0.406
0.894	-0.405
0.894	-0.404
0.894	-0.403
0.894	0.403
0.894	0.404
0.894	0.405
0.894	0.406
0.895	-0.403
0.895	-0.402
0.895	-0.401
0.895	-0.4
0.895	0.4
0.895	0.401
0.895	0.402
0.895	0.403
0.896	-0.4
0.896	-0.399
0.896	-0.398
0.896	-0.397
0.896	0.397
0.896	0.398
0.896	0.399
0.896	0.4
0.897	-0.397
0.897	-0.396
0.897	-0.395
0.897	-0.394
0.897	0.394
0.897	0.395
0.897	0.396
0.897	0.397
0.898	-0.394
0.898	-0.393
0.898	-0.392
0.898	-0.391
0.898	0.391
0.898	0.392
0.898	0.393
0.898	0.394
0.899	-0.391
0.899	-0.39
0.899	-0.389
0.899	-0.388
0.899	0.388
0.899	0.389
0.899	0.39
0.899	0.391
0.9	-0.388
0.9	-0.387
0.9	-0.386
0.9	-0.385
0.9	0.385
0.9	0.386
0.9	0.387
0.9	0.388
0.901	-0.385
0.901	-0.384
0.901	-0.383
0.901	-0.382
0.901	0.382
0.901	0.383
0.901	0.384
0.901	0.385
0.902	-0.382
0.902	-0.381
0.902	-0.38
0.902	-0.379
0.902	0.379
0.902	0.38
0.902	0.381
0.902	0.382
0.903	-0.379
0.903	-0.378
0.903	-0.377
0.903	-0.376
0.903	0.376
0.903	0.377
0.903	0.378
0.903	0.379
0.904	-0.376
0.904	-0.375
0.904	-0.374
0.904	-0.373
0.904	0.373
0.904	0.374
0.904	0.375
0.904	0.376
0.905	-0.373
0.905	-0.372
0.905	-0.371
0.905	-0.37
0.905	0.37
0.905	0.371
0.905	0.372
0.905	0.373
0.906	-0.37
0.906	-0.369
0.906	-0.368
0.906	-0.367
0.906	0.367
0.906	0.368
0.906	0.369
0.906	0.37
0.907	-0.367
0.907	-0.366
0.907	-0.365
0.907	-0.364
0.907	0.364
0.907	0.365
0.907	0.366
0.907	0.367
0.908	-0.364
0.908	-0.363
0.908	-0.362
0.908	-0.361
0.908	0.361
0.908	0.362
0.908	0.363
0.908	0.364
0.909	-0.361
0.909	-0.36
0.909	-0.359
0.909	-0.358
0.909	0.358
0.909	0.359
0.909	0.36
0.909	0.361
0.91	-0.358
0.91	-0.357
0.91	-0.356
0.91	-0.355
0.91	0.355
0.91	0.356
0.91	0.357
0.91	0.358
0.911	-0.355
0.911	-0.354
0.911	-0.353
0.911	-0.352
0.911	0.352
0.911	0.353
0.911	0.354
0.911	0.355
0.912	-0.352
0.912	-0.351
0.912	-0.35
0.912	-0.349
0.912	0.349
0.912	0.35
0.912	0.351
0.912	0.352
0.913	-0.349
0.913	-0.348
0.913	-0.347
0.913	-0.346
0.913	0.346
0.913	0.347
0.913	0.348
0.913	0.349
0.914	-0.346
0.914	-0.345
0.914	-0.344
0.914	-0.343
0.914	0.343
0.914	0.344
0.914	0.345
0.914	0.346
0.915	-0.343
0.915	-0.342
0.915	-0.341
0.915	-0.34
0.915	0.34
0.915	0.341
0.915	0.342
0.915	0.343
0.916	-0.34
0.916	-0.339
0.916	-0.338
0.916	-0.337
0.916	0.337
0.916	0.338
0.916	0.339
0.916	0.34
0.917	-0.337
0.917	-0.336
0.917	-0.335
0.917	-0.334
0.917	0.334
0.917	0.335
0.917	0.336
0.917	0.337
0.918	-0.334
0.918	-0.333
0.918	-0.332
0.918	-0.331
0.918	0.331
0.918	0.332
0.918	0.333
0.918	0.334
0.919	-0.331
0.919	-0.33
0.919	-0.329
0.919	-0.328
0.919	0.328
0.919	0.329
0.919	0.33
0.919	0.331
0.92	-0.328
0.92	-0.327
0.92	-0.326
0.92	-0.325
0.92	0.325
0.92	0.326
0.92	0.327
0.92	0.328
0.921	-0.325
0.921	-0.324
0.921	-0.323
0.921	-0.322
0.921	0.322
0.921	0.323
0.921	0.324
0.921	0.325
0.922	-0.322
0.922	-0.321
0.922	-0.32
0.922	-0.319
0.922	0.319
0.922	0.32
0.922	0.321
0.922	0.322
0.923	-0.319
0.923	-0.318
0.923	-0.317
0.923	-0.316
0.923	0.316
0.923	0.317
0.923	0.318
0.923	0.319
0.924	-0.316
0.924	-0.315
0.924	-0.314
0.924	-0.313
0.924	0.313
0.924	0.314
0.924	0.315
0.924	0.316
0.925	-0.313
0.925	-0.312
0.925	-0.311
0.925	-0.31
0.925	0.31
0.925	0.311
0.925	0.312
0.925	0.313
0.926	-0.31
0.926	-0.309
0.926	-0.308
0.926	-0.307
0.926	0.307
0.926	0.308
0.926	0.309
0.926	0.31
0.927	-0.307
0.927	-0.306
0.927	-0.305
0.927	-0.304
0.927	0.304
0.927	0.305
0.927	0.306
0.927	0.307
0.928	-0.304
0.928	-0.303
0.928	-0.302
0.928	-0.301
0.928	0.301
0.928	0.302
0.928	0.303
0.928	0.304
0.929	-0.301
0.929	-0.3
0.929	-0.299
0.929	-0.298
0.929	0.298
0.929	0.299
0.929	0.3
0.929	0.301
0.93	-0.298
0.93	-0.297
0.93	-0.296
0.93	-0.295
0.93	0.295
0.93	0.296
0.93	0.297
0.93	0.298
0.931	-0.295
0.931	-0.294
0.931	-0.293
0.931	-0.292
0.931	0.292
0.931	0.293
0.931	0.294
0.931	0.295
0.932	-0.292
0.932	-0.291
0.932	-0.29
0.932	-0.289
0.932	0.289
0.932	0.29
0.932	0.291
0.932	0.292
0.933	-0.289
0.933	-0.288
0.933	-0.287
0.933	-0.286
0.933	0.286
0.933	0.287
0.933	0.288
0.933	0.289
0.934	-0.286
0.934	-0.285
0.934	-0.284
0.934	-0.283
0.934	0.283
0.934	0.284
0.934	0.285
0.934	0.286
0.935	-0.283
0.935	-0.282
0.935	-0.281
0.935	-0.28
0.935	0.28
0.935	0.281
0.935	0.282
0.935	0.283
0.936	-0.28
0.936	-0.279
0.936	-0.278
0.936	-0.277
0.936	0.277
0.936	0.278
0.936	0.279
0.936	0.28
0.937	-0.277
0.937	-0.276
0.937	-0.275
0.937	-0.274
0.937	0.274
0.937	0.275
0.937	0.276
0.937	0.277
0.938	-0.274
0.938	-0.273
0.938	-0.272
0.938	-0.271
0.938	0.271
0.938	0.272
0.938	0.273
0.938	0.274
0.939	-0.271
0.939	-0.27
0.939	-0.269
0.939	-0.268
0.939	0.268
0.939	0.269
0.939	0.27
0.939	0.271
0.94	-0.268
0.94	-0.267
0.94	-0.266
0.94	-0.265
0.94	0.265
0.94	0.266
0.94	0.267
0.94	0.268
0.941	-0.265
0.941	-0.264
0.941	-0.263
0.941	-0.262
0.941	0.262
0.941	0.263
0.941	0.264
0.941	0.265
0.942	-0.262
0.942	-0.261
0.942	-0.26
0.942	-0.259
0.942	0.259
0.942	0.26
0.942	0.261
0.942	0.262
0.943	-0.259
0.943	-0.258
0.943	-0.257
0.943	-0.256
0.943	0.256
0.943	0.257
0.943	0.258
0.943	0.259
0.944	-0.256
0.944	-0.255
0.944	-0.254
0.944	-0.253
0.944	0.253
0.944	0.254
0.944	0.255
0.944	0.256
0.945	-0.253
0.945	-0.252
0.945	-0.251
0.945	-0.25
0.945	0.25
0.945	0.251
0.945	0.252
0.945	0.253
0.946	-0.25
0.946	-0.249
0.946	-0.248
0.946	-0.247
0.946	0.247
0.946	0.248
0.946	0.249
0.946	0.25
0.947	-0.247
0.947	-0.246
0.947	-0.245
0.947	-0.244
0.947	0.244
0.947	0.245
0.947	0.246
0.947	0.247
0.948	-0.244
0.948	-0.243
0.948	-0.242
0.948	-0.241
0.948	0.241
0.948	0.242
0.948	0.243
0.948	0.244
0.949	-0.241
0.949	-0.24
0.949	-0.239
0.949	-0.238
0.949	0.238
0.949	0.239
0.949	0.24
0.949	0.241
0.95	-0.238
0.95	-0.237
0.95	-0.236
0.95	-0.235
0.95	0.235
0.95	0.236
0.95	0.237
0.95	0.238
0.951	-0.235
0.951	-0.234
0.951	-0.233
0.951	-0.232
0.951	0.232
0.951	0.233
0.951	0.234
0.951	0.235
0.952	-0.232
0.952	-0.231
0.952	-0.23
0.952	-0.229
0.952	0.229
0.952	0.23
0.952	0.231
0.952	0.232
0.953	-0.229
0.953	-0.228
0.953	-0.227
0.953	-0.226
0.953	0.226
0.953	0.227
0.953	0.228
0.953	0.229
0.954	-0.226
0.954	-0.225
0.954	-0.224
0.954	-0.223
0.954	0.223
0.954	0.224
0.954	0.225
0.954	0.226
0.955	-0.223
0.955	-0.222
0.955	-0.221
0.955	-0.22
0.955	0.22
0.955	0.221
0.955	0.222
0.955	0.223
0.956	-0.22
0.956	-0.219
0.956	-0.218
0.956	-0.217
0.956	0.217
0.956	0.218
0.956	0.219
0.956	0.22
0.957	-0.217
0.957	-0.216
0.957	-0.215
0.957	-0.214
0.957	0.214
0.957	0.215
0.957	0.216
0.957	0.217
0.958	-0.214
0.958	-0.213
0.958	-0.212
0.958	-0.211
0.958	0.211
0.958	0.212
0.958	0.213
0.958	0.214
0.959	-0.211
0.959	-0.21
0.959	-0.209
0.959	-0.208
0.959	0.208
0.959	0.209
0.959	0.21
0.959	0.211
0.96	-0.208
0.96	-0.207
0.96	-0.206
0.96	-0.205
0.96	0.205
0.96	0.206
0.96	0.207
0.96	0.208
0.961	-0.205
0.961	-0.204
0.961	-0.203
0.961	-0.202
0.961	0.202
0.961	0.203
0.961	0.204
0.961	0.205
0.962	-0.202
0.962	-0.201
0.962	-0.2
0.962	-0.199
0.962	0.199
0.962	0.2
0.962	0.201
0.962	0.202
0.963	-0.199
0.963	-0.198
0.963	-0.197
0.963	-0.196
0.963	0.196
0.963	0.197
0.963	0.198
0.963	0.199
0.964	-0.196
0.964	-0.195
0.964	-0.194
0.964	-0.193
0.964	0.193
0.964	0.194
0.964	0.195
0.964	0.196
0.965	-0.193
0.965	-0.192
0.965	-0.191
0.965	-0.19
0.965	0.19
0.965	0.191
0.965	0.192
0.965	0.193
0.966	-0.19
0.966	-0.189
0.966	-0.188
0.966	-0.187
0.966	0.187
0.966	0.188
0.966	0.189
0.966	0.19
0.967	-0.187
0.967	-0.186
0.967	-0.185
0.967	-0.184
0.967	0.184
0.967	0.185
0.967	0.186
0.967	0.187
0.968	-0.184
0.968	-0.183
0.968	-0.182
0.968	-0.181
0.968	0.181
0.968	0.182
0.968	0.183
0.968	0.184
0.969	-0.181
0.969	-0.18
0.969	-0.179
0.969	-0.178
0.969	0.178
0.969	0.179
0.969	0.18
0.969	0.181
0.97	-0.178
0.97	-0.177
0.97	-0.176
0.97	-0.175
0.97	0.175
0.97	0.176
0.97	0.177
0.97	0.178
0.971	-0.175
0.971	-0.174
0.971	-0.173
0.971	-0.172
0.971	0.172
0.971	0.173
0.971	0.174
0.971	0.175
0.972	-0.172
0.972	-0.171
0.972	-0.17
0.972	-0.169
0.972	0.169
0.972	0.17
0.972	0.171
0.972	0.172
0.973	-0.169
0.973	-0.168
0.973	-0.167
0.973	-0.166
0.973	0.166
0.973	0.167
0.973	0.168
0.973	0.169
0.974	-0.166
0.974	-0.165
0.974	-0.164
0.974	-0.163
0.974	0.163
0.974	0.164
0.974	0.165
0.974	0.166
0.975	-0.163
0.975	-0.162
0.975	-0.161
0.975	-0.16
0.975	0.16
0.975	0.161
0.975	0.162
0.975	0.163
0.976	-0.16
0.976	-0.159
0.976	-0.158
0.976	-0.157
0.976	0.157
0.976	0.158
0.976	0.159
0.976	0.16
0.977	-0.157
0.977	-0.156
0.977	-0.155
0.977	-0.154
0.977	0.154
0.977	0.155
0.977	0.156
0.977	0.157
0.978	-0.154
0.978	-0.153
0.978	-0.152
0.978	-0.151
0.978	-0.15
0.978	-0.149
0.978	-0.148
0.978	-0.147
0.978	-0.146
0.978	-0.145
0.978	-0.144
0.978	-0.143
0.978	-0.142
0.978	-0.141
0.978	-0.14
0.978	-0.139
0.978	-0.138
0.978	-0.137
0.978	-0.136
0.978	-0.135
0.978	-0.134
0.978	-0.133
0.978	-0.132
0.978	-0.131
0.978	-0.13
0.978	-0.129
0.978	-0.128
0.978	-0.127
0.978	-0.126
0.978	-0.125
0.978	-0.124
0.978	-0.123
0.978	-0.122
0.978	-0.121
0.978	-0.12
0.978	-0.119
0.978	-0.118
0.978	-0.117
0.978	-0.116
0.978	-0.115
0.978	-0.114
0.978	-0.113
0.978	-0.112
0.978	-0.111
0.978	-0.11
0.978	-0.109
0.978	-0.108
0.978	-0.107
0.978	-0.106
0.978	-0.105
0.978	-0.104
0.978	-0.103
0.978	-0.102
0.978	-0.101
0.978	-0.1
0.978	-0.099
0.978	-0.098
0.978	-0.097
0.978	-0.096
0.978	-0.095
0.978	-0.094
0.978	-0.093
0.978	-0.092
0.978	-0.091
0.978	-0.09
0.978	-0.089
0.978	-0.088
0.978	-0.087
0.978	-0.086
0.978	-0.085
0.978	-0.084
0.978	-0.083
0.978	-0.082
0.978	-0.081
0.978	-0.08
0.978	-0.079
0.978	-0.078
0.978	-0.077
0.978	-0.076
0.978	-0.075
0.978	-0.074
0.978	-0.073
0.978	-0.072
0.978	-0.071
0.978	-0.07
0.978	-0.069
0.978	-0.068
0.978	-0.067
0.978	-0.066
0.978	-0.065
0.978	-0.064
0.978	-0.063
0.978	-0.062
0.978	-0.061
0.978	-0.06
0.978	-0.059
0.978	-0.058
0.978	-0.057
0.978	-0.056
0.978	-0.055
0.978	-0.054
0.978	-0.053
0.978	-0.052
0.978	-0.051
0.978	-0.05
0.978	-0.049
0.978	-0.048
0.978	-0.047
0.978	-0.046
0.978	-0.045
0.978	-0.044
0.978	-0.043
0.978	-0.042
0.978	-0.041
0.978	-0.04
0.978	-0.039
0.978	-0.038
0.978	-0.037
0.978	-0.036
0.978	-0.035
0.978	-0.034
0.978	-0.033
0.978	-0.032
0.978	-0.031
0.978	-0.03
0.978	-0.029
0.978	-0.028
0.978	-0.027
0.978	-0.026
0.978	-0.025
0.978	-0.024
0.978	-0.023
0.978	-0.022
0.978	-0.021
0.978	-0.02
0.978	-0.019
0.978	-0.018
0.978	-0.017
0.978	-0.016
0.978	-0.015
0.978	-0.014
0.978	-0.013
0.978	-0.012
0.978	-0.011
0.978	-0.01
0.978	-0.009
0.978	-0.008
0.978	-0.007
0.978	-0.006
0.978	-0.005
0.978	-0.004
0.978	-0.003
0.978	-0.002
0.978	-0.001
0.978	0.0
0.978	0.001
0.978	0.002
0.978	0.003
0.978	0.004
0.978	0.005
0.978	0.006
0.978	0.007
0.978	0.008
0.978	0.009
0.978	0.01
0.978	0.011
0.978	0.012
0.978	0.013
0.978	0.014
0.978	0.015
0.978	0.016
0.978	0.017
0.978	0.018
0.978	0.019
0.978	0.02
0.978	0.021
0.978	0.022
0.978	0.023
0.978	0.024
0.978	0.025
0.978	0.026
0.978	0.027
0.978	0.028
0.978	0.029
0.978	0.03
0.978	0.031
0.978	0.032
0.978	0.033
0.978	0.034
0.978	0.035
0.978	0.036
0.978	0.037
0.978	0.038
0.978	0.039
0.978	0.04
0.978	0.041
0.978	0.042
0.978	0.043
0.978	0.044
0.978	0.045
0.978	0.046
0.978	0.047
0.978	0.048
0.978	0.049
0.978	0.05
0.978	0.051
0.978	0.052
0.978	0.053
0.978	0.054
0.978	0.055
0.978	0.056
0.978	0.057
0.978	0.058
0.978	0.059
0.978	0.06
0.978	0.061
0.978	0.062
0.978	0.063
0.978	0.064
0.978	0.065
0.978	0.066
0.978	0.067
0.978	0.068
0.978	0.069
0.978	0.07
0.978	0.071
0.978	0.072
0.978	0.073
0.978	0.074
0.978	0.075
0.978	0.076
0.978	0.077
0.978	0.078
0.978	0.079
0.978	0.08
0.978	0.081
0.978	0.082
0.978	0.083
0.978	0.084
0.978	0.085
0.978	0.086
0.978	0.087
0.978	0.088
0.978	0.089
0.978	0.09
0.978	0.091
0.978	0.092
0.978	0.093
0.978	0.094
0.978	0.095
0.978	0.096
0.978	0.097
0.978	0.098
0.978	0.099
0.978	0.1
0.978	0.101
0.978	0.102
0.978	0.103
0.978	0.104
0.978	0.105
0.978	0.106
0.978	0.107
0.978	0.108
0.978	0.109
0.978	0.11
0.978	0.111
0.978	0.112
0.978	0.113
0.978	0.114
0.978	0.115
0.978	0.116
0.978	0.117
0.978	0.118
0.978	0.119
0.978	0.12
0.978	0.121
0.978	0.122
0.978	0.123
0.978	0.124
0.978	0.125
0.978	0.126
0.978	0.127
0.978	0.128
0.978	0.129
0.978	0.13
0.978	0.131
0.978	0.132
0.978	0.133
0.978	0.134
0.978	0.135
0.978	0.136
0.978	0.137
0.978	0.138
0.978	0.139
0.978	0.14
0.978	0.141
0.978	0.142
0.978	0.143
0.978	0.144
0.978	0.145
0.978	0.146
0.978	0.147
0.978	0.148
0.978	0.149
0.978	0.15
0.978	0.151
0.978	0.152
0.978	0.153
0.978	0.154
