MIN SUM X_I ; sum x_i^2 <= 1 ; -2 <= x_i <= 2

res affichés : valeurs des x_i et sum(x_i)

n= 2

m = 50 (breakpoints)
[-0.6929411764705884, -0.7199999999999998]
-1.4129411764705881

m = 100
[-0.72, -0.693714285714286]
-1.413714285714286

m = 150
[-0.72, -0.6939622641509436]
-1.4139622641509435

m= 200
[-0.7000000000000002, -0.7140845070422535]
-1.4140845070422536

m = 250
[-0.7101573033707869, -0.7039999999999997]
-1.4141573033707866

m = 500
[-0.7101920903954804, -0.7039999999999998]
-1.4141920903954803

-------------------------


n = nombre de breakpoints et nb de variables x_i ; sum x_i^2 <= 1

n=10

[-0.3999999999999999, -0.3999999999999999, -0.10000000000000142, -0.3999999999999999, -0.3999999999999999, -0.3999999999999999, -0.3999999999999997, 0.0, 0.0, 0.0]
-2.500000000000001

n=20

[-0.3999999999999999, -0.20000000000000007, -0.33333333333333237, -0.20000000000000018, -0.20000000000000018, -0.20000000000000018, -0.20000000000000018, -0.20000000000000018, -0.20000000000000018, -0.20000000000000018, -0.20000000000000018, -0.20000000000000018, -0.20000000000000018, -0.20000000000000018, -0.20000000000000018, -0.20000000000000018, -0.20000000000000018, -0.20000000000000018, -0.20000000000000018, -0.20000000000000018]
-4.333333333333335

n=30

[-0.1333333333333333, -0.23333333333333384, -0.1333333333333333, -0.2666666666666666, -0.2666666666666666, -0.2666666666666666, -0.2666666666666666, -0.2666666666666666, -0.2666666666666666, -0.2666666666666666, -0.1333333333333333, -0.2666666666666666, -0.1333333333333333, -0.1333333333333333, -0.1333333333333333, -0.1333333333333333, -0.1333333333333333, -0.1333333333333333, -0.1333333333333333, -0.1333333333333333, -0.1333333333333333, -0.1333333333333333, -0.1333333333333333, -0.1333333333333333, -0.1333333333333333, -0.1333333333333333, -0.1333333333333333, -0.1333333333333333, -0.1333333333333333, -0.1333333333333333]
-5.1666666666666625

n=40

[-0.20000000000000018, -0.20000000000000018, -0.199999999999997, -0.10000000000000009, -0.10000000000000009, -0.20000000000000018, -0.20000000000000018, -0.20000000000000018, -0.20000000000000018, -0.20000000000000018, -0.10000000000000009, -0.20000000000000018, -0.20000000000000018, -0.20000000000000018, -0.10000000000000009, -0.10000000000000009, -0.10000000000000009, -0.10000000000000009, -0.10000000000000009, -0.10000000000000009, -0.10000000000000009, -0.10000000000000009, -0.20000000000000018, -0.20000000000000018, -0.20000000000000018, -0.20000000000000018, -0.20000000000000018, -0.20000000000000018, -0.20000000000000018, -0.20000000000000018, -0.10000000000000009, -0.10000000000000009, -0.10000000000000009, -0.10000000000000009, -0.10000000000000009, -0.10000000000000009, -0.10000000000000009, -0.10000000000000009, -0.10000000000000009, -0.20000000000000018]
-5.999999999999999

n=50

[-0.16000000000000003, -0.16000000000000014, -0.11333333333332979, -0.08000000000000007, -0.08000000000000007, -0.16000000000000014, -0.16000000000000014, -0.16000000000000014, -0.16000000000000014, -0.16000000000000014, -0.16000000000000014, -0.16000000000000014, -0.16000000000000014, -0.16000000000000014, -0.16000000000000014, -0.16000000000000014, -0.16000000000000014, -0.16000000000000014, -0.16000000000000014, -0.16000000000000014, -0.16000000000000014, -0.16000000000000014, -0.16000000000000014, -0.16000000000000014, -0.16000000000000014, -0.16000000000000014, -0.16000000000000014, -0.16000000000000014, -0.16000000000000014, -0.16000000000000014, -0.16000000000000014, -0.16000000000000014, -0.16000000000000014, -0.16000000000000014, -0.16000000000000014, -0.16000000000000014, -0.16000000000000014, -0.08000000000000007, -0.08000000000000007, -0.08000000000000007, -0.08000000000000007, -0.08000000000000007, -0.08000000000000007, -0.08000000000000007, -0.08000000000000007, -0.08000000000000007, -0.08000000000000007, -0.16000000000000014, -0.08000000000000007, -0.08000000000000007]
-6.833333333333336

n=100

[-0.11999999999998617, -0.1200000000000001, -0.08000000000000007, -0.08000000000000007, -0.08000000000000007, -0.08000000000000007, -0.08000000000000007, -0.08000000000000007, -0.08000000000000007, -0.08000000000000007, -0.08000000000000007, -0.08000000000000007, -0.08000000000000007, -0.08000000000000007, -0.08000000000000007, -0.08000000000000007, -0.1200000000000001, -0.1200000000000001, -0.1200000000000001, -0.1200000000000001, -0.1200000000000001, -0.08000000000000007, -0.1200000000000001, -0.1200000000000001, -0.1200000000000001, -0.1200000000000001, -0.1200000000000001, -0.08000000000000007, -0.1200000000000001, -0.1200000000000001, -0.1200000000000001, -0.1200000000000001, -0.1200000000000001, -0.1200000000000001, -0.08000000000000007, -0.1200000000000001, -0.1200000000000001, -0.1200000000000001, -0.1200000000000001, -0.1200000000000001, -0.1200000000000001, -0.08000000000000007, -0.1200000000000001, -0.1200000000000001, -0.1200000000000001, -0.1200000000000001, -0.1200000000000001, -0.1200000000000001, -0.08000000000000007, -0.1200000000000001, -0.1200000000000001, -0.1200000000000001, -0.1200000000000001, -0.1200000000000001, -0.1200000000000001, -0.1200000000000001, -0.1200000000000001, -0.1200000000000001, -0.1200000000000001, -0.1200000000000001, -0.1200000000000001, -0.1200000000000001, -0.1200000000000001, -0.08000000000000007, -0.1200000000000001, -0.08000000000000007, -0.08000000000000007, -0.08000000000000007, -0.08000000000000007, -0.08000000000000007, -0.08000000000000007, -0.08000000000000007, -0.08000000000000007, -0.08000000000000007, -0.08000000000000007, -0.08000000000000007, -0.08000000000000007, -0.08000000000000007, -0.08000000000000007, -0.08000000000000007, -0.08000000000000007, -0.08000000000000007, -0.08000000000000007, -0.08000000000000007, -0.08000000000000007, -0.08000000000000007, -0.08000000000000007, -0.08000000000000007, -0.08000000000000007, -0.08000000000000007, -0.08000000000000007, -0.08000000000000007, -0.08000000000000007, -0.08000000000000007, -0.08000000000000007, -0.08000000000000007, -0.08000000000000007, -0.08000000000000007, -0.08000000000000007, -0.08000000000000007]
-9.799999999999994

-----

n = nombre de breakpoints et nb de variables x_i ; sum x_i^2 >= 1

n = 2

[-2.0, -2.0]
-4.0

n = 10

[-2.0, -2.0, -2.0, -2.0, -2.0, -2.0, -2.0, -2.0, -2.0, -2.0]
-20.0

n=50
[-2.0, -2.0, -2.0, -2.0, -2.0, -2.0, -2.0, -2.0, -2.0, -2.0, -2.0, -2.0, -2.0, -2.0, -2.0, -2.0, -2.0, -2.0, -2.0, -2.0, -2.0, -2.0, -2.0, -2.0, -2.0, -2.0, -2.0, -2.0, -2.0, -2.0, -2.0, -2.0, -2.0, -2.0, -2.0, -2.0, -2.0, -2.0, -2.0, -2.0, -2.0, -2.0, -2.0, -2.0, -2.0, -2.0, -2.0, -2.0, -2.0, -2.0]
-100.0



